0.000	1000.000	1000.000	373.134	0.000	20.000	18.457	18.457	2.000	0.000	0.000	
0.025	1000.000	1000.000	372.208	0.000	20.000	18.457	18.457	2.000	0.000	0.000	
0.050	1000.000	1000.000	374.719	0.000	20.000	18.457	18.457	2.000	0.000	0.000	
0.075	1000.000	1000.000	373.042	0.000	20.000	18.457	18.457	2.000	0.000	0.000	
0.100	1000.000	1000.000	371.932	0.000	20.000	18.457	18.457	2.000	0.000	0.000	
0.125	1000.000	1000.000	374.532	0.000	20.000	18.457	18.457	2.000	0.000	0.000	
0.150	1000.000	1000.000	372.763	0.000	20.000	18.457	18.457	2.000	0.000	0.000	
0.175	1000.000	1000.000	371.287	0.000	20.000	18.457	18.457	2.000	0.000	0.000	
0.200	1000.000	1000.000	374.625	0.000	20.000	18.457	18.457	2.000	0.000	0.000	
0.225	1000.000	1000.000	373.785	0.000	20.000	18.457	18.457	2.000	0.000	0.000	
0.250	1000.000	1000.000	371.471	0.000	20.000	18.457	18.457	2.000	0.000	0.000	
0.275	1000.000	1000.000	373.413	0.000	20.000	18.457	18.457	2.000	0.000	0.000	
0.300	1000.000	1000.000	372.024	0.000	20.000	18.457	18.457	2.000	0.000	0.000	
0.325	1000.000	1000.000	372.578	0.000	20.000	18.457	18.457	2.000	0.000	0.000	
0.350	1000.000	1000.000	373.042	0.000	20.000	18.457	18.457	2.000	0.000	0.000	
0.375	1000.000	1000.000	373.692	0.000	20.000	18.457	18.457	2.000	0.000	0.000	
0.400	1000.000	1000.000	373.134	0.000	20.000	18.457	18.457	2.000	0.000	0.000	
0.425	1000.000	1000.000	371.471	0.000	20.000	18.457	18.457	2.000	0.000	0.000	
0.450	1000.000	1000.000	373.042	0.000	20.000	18.457	18.457	2.000	0.000	0.000	
0.475	1000.000	1000.000	372.578	0.000	20.000	18.457	18.457	2.000	0.000	0.000	
0.500	1000.000	1000.000	370.188	0.000	20.000	18.457	18.457	2.000	0.000	0.000	
0.525	1000.000	1000.000	373.878	0.000	20.000	18.457	18.457	2.000	0.000	0.000	
0.550	1000.000	1000.000	371.839	0.000	20.000	18.457	18.457	2.000	0.000	0.000	
0.575	1000.000	1000.000	372.208	0.000	20.000	18.457	18.457	2.000	0.000	0.000	
0.600	1000.000	1000.000	370.645	0.000	20.000	18.457	18.457	2.000	0.000	0.000	
0.625	1000.000	1000.000	370.462	0.000	20.000	18.457	18.457	2.000	0.000	0.000	
0.650	1000.000	1000.000	373.320	0.000	20.000	18.457	18.457	2.000	0.000	0.000	
0.675	1000.000	1000.000	371.287	0.000	20.000	18.457	18.457	2.000	0.000	0.000	
0.700	1000.000	1000.000	372.763	0.000	20.000	18.457	18.457	2.000	0.000	0.000	
0.725	1000.000	1000.000	372.856	0.000	20.000	18.457	18.457	2.000	0.000	0.000	
0.750	1000.000	1000.000	372.024	0.000	20.000	18.457	18.457	2.000	0.000	0.000	
0.775	1000.000	1000.000	369.004	0.000	20.000	18.457	18.457	2.000	0.000	0.000	
0.800	1000.000	1000.000	372.949	0.000	20.000	18.457	18.457	2.000	0.000	0.000	
0.825	1000.000	1000.000	371.287	0.000	20.000	18.457	18.457	2.000	0.000	0.000	
0.850	1000.000	1000.000	372.578	0.000	20.000	18.457	18.457	2.000	0.000	0.000	
0.875	1000.000	1000.000	372.116	0.000	20.000	18.457	18.457	2.000	0.000	0.000	
0.900	1000.000	1000.000	370.828	0.000	20.000	18.457	18.457	2.000	0.000	0.000	
0.925	1000.000	1000.000	372.578	0.000	20.000	18.457	18.457	2.000	0.000	0.000	
0.950	1000.000	1000.000	371.012	0.000	20.000	18.457	18.457	2.000	0.000	0.000	
0.975	1000.000	1000.000	373.134	0.000	20.000	18.457	18.457	2.000	0.000	0.000	
1.000	1000.000	1000.000	371.839	0.000	20.000	18.457	18.457	2.000	0.000	0.000	
1.025	1000.000	1000.000	372.301	0.000	20.000	18.457	18.457	2.000	0.000	0.000	
1.050	1000.000	1000.000	372.208	0.000	20.000	18.457	18.457	2.000	0.000	0.000	
1.075	1000.000	1000.000	371.747	0.000	20.000	18.457	18.457	2.000	0.000	0.000	
1.100	1000.000	1000.000	371.103	0.000	20.000	18.457	18.457	2.000	0.000	0.000	
1.125	1000.000	1000.000	371.379	0.000	20.000	18.457	18.457	2.000	0.000	0.000	
1.150	1000.000	1000.000	371.287	0.000	20.000	18.457	18.457	2.000	0.000	0.000	
1.175	1000.000	1000.000	371.379	0.000	20.000	18.457	18.457	2.000	0.000	0.000	
1.200	1000.000	1000.000	371.655	0.000	20.000	18.457	18.457	2.000	0.000	0.000	
1.225	1000.000	1000.000	370.553	0.000	20.000	18.457	18.457	2.000	0.000	0.000	
1.250	1000.000	1000.000	371.932	0.000	20.000	18.457	18.457	2.000	0.000	0.000	
1.275	1000.000	1000.000	371.932	0.000	20.000	18.457	18.457	2.000	0.000	0.000	
1.300	1000.000	1000.000	371.287	0.000	20.000	18.457	18.457	2.000	0.000	0.000	
1.325	1000.000	1000.000	371.287	0.000	20.000	18.457	18.457	2.000	0.000	0.000	
1.350	1000.000	1000.000	374.065	0.000	20.000	18.457	18.457	2.000	0.000	0.000	
1.375	1000.000	1000.000	370.370	0.000	20.000	18.457	18.457	2.000	0.000	0.000	
1.400	1000.000	1000.000	370.920	0.000	20.000	18.457	18.457	2.000	0.000	0.000	
1.425	1000.000	1000.000	370.462	0.000	20.000	18.457	18.457	2.000	0.000	0.000	
1.450	1000.000	1000.000	371.839	0.000	20.000	18.457	18.457	2.000	0.000	0.000	
1.475	1000.000	1000.000	370.188	0.000	20.000	18.457	18.457	2.000	0.000	0.000	
1.500	1000.000	1000.000	371.839	0.000	20.000	18.457	18.457	2.000	0.000	0.000	
1.525	1000.000	1000.000	372.301	0.000	20.000	18.457	18.457	2.000	0.000	0.000	
1.550	1000.000	1000.000	370.462	0.000	20.000	18.457	18.457	2.000	0.000	0.000	
1.575	1000.000	1000.000	369.822	0.000	20.000	18.457	18.457	2.000	0.000	0.000	
1.600	1000.000	1000.000	370.188	0.000	20.000	18.457	18.457	2.000	0.000	0.000	
1.625	1000.000	1000.000	372.949	0.000	20.000	18.457	18.457	2.000	0.000	0.000	
1.650	1000.000	1000.000	370.005	0.000	20.000	18.457	18.457	2.000	0.000	0.000	
1.675	1000.000	1000.000	372.763	0.000	20.000	18.457	18.457	2.000	0.000	0.000	
1.700	1000.000	1000.000	370.096	0.000	20.000	18.457	18.457	2.000	0.000	0.000	
1.725	1000.000	1000.000	370.920	0.000	20.000	18.457	18.457	2.000	0.000	0.000	
1.750	1000.000	1000.000	371.655	0.000	20.000	18.457	18.457	2.000	0.000	0.000	
1.775	1000.000	1000.000	369.004	0.000	20.000	18.457	18.457	2.000	0.000	0.000	
1.800	1000.000	1000.000	372.024	0.000	20.000	18.457	18.457	2.000	0.000	0.000	
1.825	1000.000	1000.000	371.012	0.000	20.000	18.457	18.457	2.000	0.000	0.000	
1.850	1000.000	1000.000	371.287	0.000	20.000	18.457	18.457	2.000	0.000	0.000	
1.875	1000.000	1000.000	371.103	0.000	20.000	18.457	18.457	2.000	0.000	0.000	
1.900	1000.000	1000.000	370.279	0.000	20.000	18.457	18.457	2.000	0.000	0.000	
1.925	1000.000	1000.000	371.195	0.000	20.000	18.457	18.457	2.000	0.000	0.000	
1.950	1000.000	1000.000	369.731	0.000	20.000	18.457	18.457	2.000	0.000	0.000	
1.975	1000.000	1000.000	372.208	0.000	20.000	18.457	18.457	2.000	0.000	0.000	
2.000	1000.000	1000.000	371.471	0.000	20.000	18.457	18.457	2.000	0.000	0.000	
2.025	1000.000	1000.000	371.103	0.000	20.000	18.457	18.457	2.000	0.000	0.000	
2.050	1000.000	1000.000	372.486	0.000	20.000	18.457	18.457	2.000	0.000	0.000	
2.075	1000.000	1000.000	369.731	0.000	20.000	18.457	18.457	2.000	0.000	0.000	
2.100	1000.000	1000.000	369.185	0.000	20.000	18.457	18.457	2.000	0.000	0.000	
2.125	1000.000	1000.000	370.828	0.000	20.000	18.457	18.457	2.000	0.000	0.000	
2.150	1000.000	1000.000	371.012	0.000	20.000	18.457	18.457	2.000	0.000	0.000	
2.175	1000.000	1000.000	370.005	0.000	20.000	18.457	18.457	2.000	0.000	0.000	
2.200	1000.000	1000.000	369.822	0.000	20.000	18.457	18.457	2.000	0.000	0.000	
2.225	1000.000	1000.000	370.279	0.000	20.000	18.457	18.457	2.000	0.000	0.000	
2.250	1000.000	1000.000	367.467	0.000	20.000	18.457	18.457	2.000	0.000	0.000	
2.275	1000.000	1000.000	369.367	0.000	20.000	18.457	18.457	2.000	0.000	0.000	
2.300	1000.000	1000.000	371.195	0.000	20.000	18.457	18.457	2.000	0.000	0.000	
2.325	1000.000	1000.000	370.096	0.000	20.000	18.457	18.457	2.000	0.000	0.000	
2.350	1000.000	1000.000	370.828	0.000	20.000	18.457	18.457	2.000	0.000	0.000	
2.375	1000.000	1000.000	369.822	0.000	20.000	18.457	18.457	2.000	0.000	0.000	
2.400	1000.000	1000.000	370.462	0.000	20.000	18.457	18.457	2.000	0.000	0.000	
2.425	1000.000	1000.000	369.914	0.000	20.000	18.457	18.457	2.000	0.000	0.000	
2.450	1000.000	1000.000	370.279	0.000	20.000	18.457	18.457	2.000	0.000	0.000	
2.475	1000.000	1000.000	372.578	0.000	20.000	18.457	18.457	2.000	0.000	0.000	
2.500	1000.000	1000.000	370.188	0.000	20.000	18.457	18.457	2.000	0.000	0.000	
2.525	1000.000	1000.000	369.004	0.000	20.000	18.457	18.457	2.000	0.000	0.000	
2.550	1000.000	1000.000	369.276	0.000	20.000	18.457	18.457	2.000	0.000	0.000	
2.575	1000.000	1000.000	369.185	0.000	20.000	18.457	18.457	2.000	0.000	0.000	
2.600	1000.000	1000.000	367.107	0.000	20.000	18.457	18.457	2.000	0.000	0.000	
2.625	1000.000	1000.000	370.279	0.000	20.000	18.457	18.457	2.000	0.000	0.000	
2.650	1000.000	1000.000	370.645	0.000	20.000	18.457	18.457	2.000	0.000	0.000	
2.675	1000.000	1000.000	369.822	0.000	20.000	18.457	18.457	2.000	0.000	0.000	
2.700	1000.000	1000.000	370.005	0.000	20.000	18.457	18.457	2.000	0.000	0.000	
2.725	1000.000	1000.000	369.640	0.000	20.000	18.457	18.457	2.000	0.000	0.000	
2.750	1000.000	1000.000	369.276	0.000	20.000	18.457	18.457	2.000	0.000	0.000	
2.775	1000.000	1000.000	369.094	0.000	20.000	18.457	18.457	2.000	0.000	0.000	
2.800	1000.000	1000.000	369.094	0.000	20.000	18.457	18.457	2.000	0.000	0.000	
2.825	1000.000	1000.000	370.188	0.000	20.000	18.457	18.457	2.000	0.000	0.000	
2.850	1000.000	1000.000	369.094	0.000	20.000	18.457	18.457	2.000	0.000	0.000	
2.875	1000.000	1000.000	366.479	0.000	20.000	18.457	18.457	2.000	0.000	0.000	
2.900	1000.000	1000.000	369.094	0.000	20.000	18.457	18.457	2.000	0.000	0.000	
2.925	1000.000	1000.000	369.276	0.000	20.000	18.457	18.457	2.000	0.000	0.000	
2.950	1000.000	1000.000	368.279	0.000	20.000	18.457	18.457	2.000	0.000	0.000	
2.975	1000.000	1000.000	371.747	0.000	20.000	18.457	18.457	2.000	0.000	0.000	
3.000	1000.000	1000.000	369.094	0.000	20.000	18.457	18.457	2.000	0.000	0.000	
3.025	1000.000	1000.000	369.914	0.000	20.000	18.457	18.457	2.000	0.000	0.000	
3.050	1000.000	1000.000	366.659	0.000	20.000	18.457	18.457	2.000	0.000	0.000	
3.075	1000.000	1000.000	369.640	0.000	20.000	18.457	18.457	2.000	0.000	0.000	
3.100	1000.000	1000.000	368.008	0.000	20.000	18.457	18.457	2.000	0.000	0.000	
3.125	1000.000	1000.000	369.458	0.000	20.000	18.457	18.457	2.000	0.000	0.000	
3.150	1000.000	1000.000	368.460	0.000	20.000	18.457	18.457	2.000	0.000	0.000	
3.175	1000.000	1000.000	370.370	0.000	20.000	18.457	18.457	2.000	0.000	0.000	
3.200	1000.000	1000.000	368.913	0.000	20.000	18.457	18.457	2.000	0.000	0.000	
3.225	1000.000	1000.000	368.460	0.000	20.000	18.457	18.457	2.000	0.000	0.000	
3.250	1000.000	1000.000	370.462	0.000	20.000	18.457	18.457	2.000	0.000	0.000	
3.275	1000.000	1000.000	368.279	0.000	20.000	18.457	18.457	2.000	0.000	0.000	
3.300	1000.000	1000.000	369.458	0.000	20.000	18.457	18.457	2.000	0.000	0.000	
3.325	1000.000	1000.000	368.098	0.000	20.000	18.457	18.457	2.000	0.000	0.000	
3.350	1000.000	1000.000	368.098	0.000	20.000	18.457	18.457	2.000	0.000	0.000	
3.375	1000.000	1000.000	368.098	0.000	20.000	18.457	18.457	2.000	0.000	0.000	
3.400	1000.000	1000.000	369.822	0.000	20.000	18.457	18.457	2.000	0.000	0.000	
3.425	1000.000	1000.000	369.458	0.000	20.000	18.457	18.457	2.000	0.000	0.000	
3.450	1000.000	1000.000	369.094	0.000	20.000	18.457	18.457	2.000	0.000	0.000	
3.475	1000.000	1000.000	368.460	0.000	20.000	18.457	18.457	2.000	0.000	0.000	
3.500	1000.000	1000.000	369.094	0.000	20.000	18.457	18.457	2.000	0.000	0.000	
3.525	1000.000	1000.000	368.822	0.000	20.000	18.457	18.457	2.000	0.000	0.000	
3.550	1000.000	1000.000	369.458	0.000	20.000	18.457	18.457	2.000	0.000	0.000	
3.575	1000.000	1000.000	368.189	0.000	20.000	18.457	18.457	2.000	0.000	0.000	
3.600	1000.000	1000.000	370.188	0.000	20.000	18.457	18.457	2.000	0.000	0.000	
3.625	1000.000	1000.000	368.279	0.000	20.000	18.457	18.457	2.000	0.000	0.000	
3.650	1000.000	1000.000	368.369	0.000	20.000	18.457	18.457	2.000	0.000	0.000	
3.675	1000.000	1000.000	368.098	0.000	20.000	18.457	18.457	2.000	0.000	0.000	
3.700	1000.000	1000.000	369.458	0.000	20.000	18.457	18.457	2.000	0.000	0.000	
3.725	1000.000	1000.000	367.107	0.000	20.000	18.457	18.457	2.000	0.000	0.000	
3.750	1000.000	1000.000	367.737	0.000	20.000	18.457	18.457	2.000	0.000	0.000	
3.775	1000.000	1000.000	368.550	0.000	20.000	18.457	18.457	2.000	0.000	0.000	
3.800	1000.000	1000.000	368.460	0.000	20.000	18.457	18.457	2.000	0.000	0.000	
3.825	1000.000	1000.000	369.185	0.000	20.000	18.457	18.457	2.000	0.000	0.000	
3.850	1000.000	1000.000	368.098	0.000	20.000	18.457	18.457	2.000	0.000	0.000	
3.875	1000.000	1000.000	367.737	0.000	20.000	18.457	18.457	2.000	0.000	0.000	
3.900	1000.000	1000.000	368.550	0.000	20.000	18.457	18.457	2.000	0.000	0.000	
3.925	1000.000	1000.000	368.641	0.000	20.000	18.457	18.457	2.000	0.000	0.000	
3.950	1000.000	1000.000	367.017	0.000	20.000	18.457	18.457	2.000	0.000	0.000	
3.975	1000.000	1000.000	368.189	0.000	20.000	18.457	18.457	2.000	0.000	0.000	
4.000	1000.000	1000.000	368.641	0.000	20.000	18.457	18.457	2.000	0.000	0.000	
4.025	1000.000	1000.000	365.764	0.000	20.000	18.457	18.457	2.000	0.000	0.000	
4.050	1000.000	1000.000	371.932	0.000	20.000	18.457	18.457	2.000	0.000	0.000	
4.075	1000.000	1000.000	368.913	0.000	20.000	18.457	18.457	2.000	0.000	0.000	
4.100	1000.000	1000.000	367.377	0.000	20.000	18.457	18.457	2.000	0.000	0.000	
4.125	1000.000	1000.000	369.276	0.000	20.000	18.457	18.457	2.000	0.000	0.000	
4.150	1000.000	1000.000	366.838	0.000	20.000	18.457	18.457	2.000	0.000	0.000	
4.175	1000.000	1000.000	366.122	0.000	20.000	18.457	18.457	2.000	0.000	0.000	
4.200	1000.000	1000.000	367.647	0.000	20.000	18.457	18.457	2.000	0.000	0.000	
4.225	1000.000	1000.000	368.008	0.000	20.000	18.457	18.457	2.000	0.000	0.000	
4.250	1000.000	1000.000	369.822	0.000	20.000	18.457	18.457	2.000	0.000	0.000	
4.275	1000.000	1000.000	368.189	0.000	20.000	18.457	18.457	2.000	0.000	0.000	
4.300	1000.000	1000.000	367.827	0.000	20.000	18.457	18.457	2.000	0.000	0.000	
4.325	1000.000	1000.000	365.497	0.000	20.000	18.457	18.457	2.000	0.000	0.000	
4.350	1000.000	1000.000	368.279	0.000	20.000	18.457	18.457	2.000	0.000	0.000	
4.375	1000.000	1000.000	370.005	0.000	20.000	18.457	18.457	2.000	0.000	0.000	
4.400	1000.000	1000.000	365.586	0.000	20.000	18.457	18.457	2.000	0.000	0.000	
4.425	1000.000	1000.000	366.032	0.000	20.000	18.457	18.457	2.000	0.000	0.000	
4.450	1000.000	1000.000	369.367	0.000	20.000	18.457	18.457	2.000	0.000	0.000	
4.475	1000.000	1000.000	365.141	0.000	20.000	18.457	18.457	2.000	0.000	0.000	
4.500	1000.000	1000.000	366.838	0.000	20.000	18.457	18.457	2.000	0.000	0.000	
4.525	1000.000	1000.000	368.098	0.000	20.000	18.457	18.457	2.000	0.000	0.000	
4.550	1000.000	1000.000	367.827	0.000	20.000	18.457	18.457	2.000	0.000	0.000	
4.575	1000.000	1000.000	367.017	0.000	20.000	18.457	18.457	2.000	0.000	0.000	
4.600	1000.000	1000.000	366.390	0.000	20.000	18.457	18.457	2.000	0.000	0.000	
4.625	1000.000	1000.000	367.377	0.000	20.000	18.457	18.457	2.000	0.000	0.000	
4.650	1000.000	1000.000	367.557	0.000	20.000	18.457	18.457	2.000	0.000	0.000	
4.675	1000.000	1000.000	367.377	0.000	20.000	18.457	18.457	2.000	0.000	0.000	
4.700	1000.000	1000.000	367.197	0.000	20.000	18.457	18.457	2.000	0.000	0.000	
4.725	1000.000	1000.000	367.197	0.000	20.000	18.457	18.457	2.000	0.000	0.000	
4.750	1000.000	1000.000	367.557	0.000	20.000	18.457	18.457	2.000	0.000	0.000	
4.775	1000.000	1000.000	367.377	0.000	20.000	18.457	18.457	2.000	0.000	0.000	
4.800	1000.000	1000.000	369.731	0.000	60.000	66.801	66.801	2.000	0.000	0.000	
4.825	1000.000	1000.000	372.393	0.000	60.000	66.801	66.801	2.000	0.000	0.000	
4.850	1000.000	1000.000	374.906	0.000	60.000	66.801	66.801	2.000	0.000	0.000	
4.875	1000.000	1000.000	381.001	0.000	60.000	66.801	66.801	2.000	0.000	0.000	
4.900	1000.000	1000.000	384.025	0.000	60.000	66.801	66.801	2.000	0.000	0.000	
4.925	1000.000	1000.000	385.406	0.000	60.000	66.801	66.801	2.000	0.000	0.000	
4.950	1000.000	1000.000	391.747	0.000	60.000	66.801	66.801	2.000	0.000	0.000	
4.975	1000.000	1000.000	396.197	0.000	60.000	66.801	66.801	2.000	0.000	0.000	
5.000	1000.000	1000.000	395.570	0.000	60.000	66.801	66.801	2.000	0.000	0.000	
5.025	1000.000	1000.000	403.117	0.000	60.000	66.801	66.801	2.000	0.000	0.000	
5.050	1000.000	1000.000	406.174	0.000	60.000	66.801	66.801	2.000	0.000	0.000	
5.075	1000.000	1000.000	412.314	0.000	60.000	66.801	66.801	2.000	0.000	0.000	
5.100	1000.000	1000.000	408.497	0.000	60.000	66.801	66.801	2.000	0.000	0.000	
5.125	1000.000	1000.000	423.609	0.000	60.000	66.801	66.801	2.000	0.000	0.000	
5.150	1000.000	1000.000	427.107	0.000	60.000	66.801	66.801	2.000	0.000	0.000	
5.175	1000.000	1000.000	421.348	0.000	60.000	66.801	66.801	2.000	0.000	0.000	
5.200	1000.000	1000.000	431.034	0.000	60.000	66.801	66.801	2.000	0.000	0.000	
5.225	1000.000	1000.000	432.526	0.000	60.000	66.801	66.801	2.000	0.000	0.000	
5.250	1000.000	1000.000	433.276	0.000	60.000	66.801	66.801	2.000	0.000	0.000	
5.275	1000.000	1000.000	438.340	0.000	60.000	66.801	66.801	2.000	0.000	0.000	
5.300	1000.000	1000.000	444.972	0.000	60.000	66.801	66.801	2.000	0.000	0.000	
5.325	1000.000	1000.000	444.708	0.000	60.000	66.801	66.801	2.000	0.000	0.000	
5.350	1000.000	1000.000	451.535	0.000	60.000	66.801	66.801	2.000	0.000	0.000	
5.375	1000.000	1000.000	452.352	0.000	60.000	66.801	66.801	2.000	0.000	0.000	
5.400	1000.000	1000.000	457.038	0.000	60.000	66.801	66.801	2.000	0.000	0.000	
5.425	1000.000	1000.000	462.963	0.000	60.000	66.801	66.801	2.000	0.000	0.000	
5.450	1000.000	1000.000	464.109	0.000	60.000	66.801	66.801	2.000	0.000	0.000	
5.475	1000.000	1000.000	466.853	0.000	60.000	66.801	66.801	2.000	0.000	0.000	
5.500	1000.000	1000.000	473.335	0.000	60.000	66.801	66.801	2.000	0.000	0.000	
5.525	1000.000	1000.000	475.436	0.000	60.000	66.801	66.801	2.000	0.000	0.000	
5.550	1000.000	1000.000	476.190	0.000	60.000	66.801	66.801	2.000	0.000	0.000	
5.575	1000.000	1000.000	482.160	0.000	60.000	66.801	66.801	2.000	0.000	0.000	
5.600	1000.000	1000.000	486.539	0.000	60.000	66.801	66.801	2.000	0.000	0.000	
5.625	1000.000	1000.000	487.964	0.000	60.000	66.801	66.801	2.000	0.000	0.000	
5.650	1000.000	1000.000	493.908	0.000	60.000	66.801	66.801	2.000	0.000	0.000	
5.675	1000.000	1000.000	497.678	0.000	60.000	66.801	66.801	2.000	0.000	0.000	
5.700	1000.000	1000.000	498.670	0.000	60.000	66.801	66.801	2.000	0.000	0.000	
5.725	1000.000	1000.000	503.525	0.000	60.000	66.801	66.801	2.000	0.000	0.000	
5.750	1000.000	1000.000	507.614	0.000	60.000	66.801	66.801	2.000	0.000	0.000	
5.775	1000.000	1000.000	508.302	0.000	60.000	66.801	66.801	2.000	0.000	0.000	
5.800	1000.000	1000.000	514.580	0.000	60.000	66.801	66.801	2.000	0.000	0.000	
5.825	1000.000	1000.000	516.529	0.000	60.000	66.801	66.801	2.000	0.000	0.000	
5.850	1000.000	1000.000	523.195	0.000	60.000	66.801	66.801	2.000	0.000	0.000	
5.875	1000.000	1000.000	527.612	0.000	60.000	66.801	66.801	2.000	0.000	0.000	
5.900	1000.000	1000.000	525.026	0.000	60.000	66.801	66.801	2.000	0.000	0.000	
5.925	1000.000	1000.000	532.104	0.000	60.000	66.801	66.801	2.000	0.000	0.000	
5.950	1000.000	1000.000	532.860	0.000	60.000	66.801	66.801	2.000	0.000	0.000	
5.975	1000.000	1000.000	539.957	0.000	60.000	66.801	66.801	2.000	0.000	0.000	
6.000	1000.000	1000.000	541.516	0.000	60.000	66.801	66.801	2.000	0.000	0.000	
6.025	1000.000	1000.000	545.256	0.000	60.000	66.801	66.801	2.000	0.000	0.000	
6.050	1000.000	1000.000	547.645	0.000	60.000	66.801	66.801	2.000	0.000	0.000	
6.075	1000.000	1000.000	552.080	0.000	60.000	66.801	66.801	2.000	0.000	0.000	
6.100	1000.000	1000.000	554.324	0.000	60.000	66.801	66.801	2.000	0.000	0.000	
6.125	1000.000	1000.000	558.243	0.000	60.000	66.801	66.801	2.000	0.000	0.000	
6.150	1000.000	1000.000	562.219	0.000	60.000	66.801	66.801	2.000	0.000	0.000	
6.175	1000.000	1000.000	564.122	0.000	60.000	66.801	66.801	2.000	0.000	0.000	
6.200	1000.000	1000.000	564.547	0.000	60.000	66.801	66.801	2.000	0.000	0.000	
6.225	1000.000	1000.000	571.211	0.000	60.000	66.801	66.801	2.000	0.000	0.000	
6.250	1000.000	1000.000	571.429	0.000	60.000	66.801	66.801	2.000	0.000	0.000	
6.275	1000.000	1000.000	580.720	0.000	60.000	66.801	66.801	2.000	0.000	0.000	
6.300	1000.000	1000.000	578.927	0.000	60.000	66.801	66.801	2.000	0.000	0.000	
6.325	1000.000	1000.000	583.885	0.000	60.000	66.801	66.801	2.000	0.000	0.000	
6.350	1000.000	1000.000	585.252	0.000	60.000	66.801	66.801	2.000	0.000	0.000	
6.375	1000.000	1000.000	588.005	0.000	60.000	66.801	66.801	2.000	0.000	0.000	
6.400	1000.000	1000.000	594.766	0.000	60.000	66.801	66.801	2.000	0.000	0.000	
6.425	1000.000	1000.000	597.134	0.000	60.000	66.801	66.801	2.000	0.000	0.000	
6.450	1000.000	1000.000	598.086	0.000	60.000	66.801	66.801	2.000	0.000	0.000	
6.475	1000.000	1000.000	603.136	0.000	60.000	66.801	66.801	2.000	0.000	0.000	
6.500	1000.000	1000.000	608.766	0.000	60.000	66.801	66.801	2.000	0.000	0.000	
6.525	1000.000	1000.000	612.245	0.000	60.000	66.801	66.801	2.000	0.000	0.000	
6.550	1000.000	1000.000	615.258	0.000	60.000	66.801	66.801	2.000	0.000	0.000	
6.575	1000.000	1000.000	617.538	0.000	60.000	66.801	66.801	2.000	0.000	0.000	
6.600	1000.000	1000.000	620.861	0.000	60.000	66.801	66.801	2.000	0.000	0.000	
6.625	1000.000	1000.000	618.812	0.000	60.000	66.801	66.801	2.000	0.000	0.000	
6.650	1000.000	1000.000	629.195	0.000	60.000	66.801	66.801	2.000	0.000	0.000	
6.675	1000.000	1000.000	626.566	0.000	60.000	66.801	66.801	2.000	0.000	0.000	
6.700	1000.000	1000.000	633.981	0.000	60.000	66.801	66.801	2.000	0.000	0.000	
6.725	1000.000	1000.000	631.845	0.000	60.000	66.801	66.801	2.000	0.000	0.000	
6.750	1000.000	1000.000	639.932	0.000	60.000	66.801	66.801	2.000	0.000	0.000	
6.775	1000.000	1000.000	641.574	0.000	60.000	66.801	66.801	2.000	0.000	0.000	
6.800	1000.000	1000.000	642.398	0.000	60.000	66.801	66.801	2.000	0.000	0.000	
6.825	1000.000	1000.000	651.607	0.000	60.000	66.801	66.801	2.000	0.000	0.000	
6.850	1000.000	1000.000	647.389	0.000	60.000	66.801	66.801	2.000	0.000	0.000	
6.875	1000.000	1000.000	650.759	0.000	60.000	66.801	66.801	2.000	0.000	0.000	
6.900	1000.000	1000.000	657.030	0.000	60.000	66.801	66.801	2.000	0.000	0.000	
6.925	1000.000	1000.000	655.022	0.000	60.000	66.801	66.801	2.000	0.000	0.000	
6.950	1000.000	1000.000	652.742	0.000	60.000	66.801	66.801	2.000	0.000	0.000	
6.975	1000.000	1000.000	667.557	0.000	60.000	66.801	66.801	2.000	0.000	0.000	
7.000	1000.000	1000.000	662.544	0.000	60.000	66.801	66.801	2.000	0.000	0.000	
7.025	1000.000	1000.000	666.371	0.000	60.000	66.801	66.801	2.000	0.000	0.000	
7.050	1000.000	1000.000	678.119	0.000	60.000	66.801	66.801	2.000	0.000	0.000	
7.075	1000.000	1000.000	675.980	0.000	60.000	66.801	66.801	2.000	0.000	0.000	
7.100	1000.000	1000.000	685.871	0.000	60.000	66.801	66.801	2.000	0.000	0.000	
7.125	1000.000	1000.000	680.890	0.000	60.000	66.801	66.801	2.000	0.000	0.000	
7.150	1000.000	1000.000	685.558	0.000	60.000	66.801	66.801	2.000	0.000	0.000	
7.175	1000.000	1000.000	685.244	0.000	60.000	66.801	66.801	2.000	0.000	0.000	
7.200	1000.000	1000.000	691.244	0.000	60.000	66.801	66.801	2.000	0.000	0.000	
7.225	1000.000	1000.000	700.607	0.000	60.000	66.801	66.801	2.000	0.000	0.000	
7.250	1000.000	1000.000	697.026	0.000	60.000	66.801	66.801	2.000	0.000	0.000	
7.275	1000.000	1000.000	693.161	0.000	60.000	66.801	66.801	2.000	0.000	0.000	
7.300	1000.000	1000.000	706.880	0.000	60.000	66.801	66.801	2.000	0.000	0.000	
7.325	1000.000	1000.000	702.905	0.000	60.000	66.801	66.801	2.000	0.000	0.000	
7.350	1000.000	1000.000	703.895	0.000	60.000	66.801	66.801	2.000	0.000	0.000	
7.375	1000.000	1000.000	711.575	0.000	60.000	66.801	66.801	2.000	0.000	0.000	
7.400	1000.000	1000.000	720.115	0.000	60.000	66.801	66.801	2.000	0.000	0.000	
7.425	1000.000	1000.000	721.848	0.000	60.000	66.801	66.801	2.000	0.000	0.000	
7.450	1000.000	1000.000	721.501	0.000	60.000	66.801	66.801	2.000	0.000	0.000	
7.475	1000.000	1000.000	724.988	0.000	60.000	66.801	66.801	2.000	0.000	0.000	
7.500	1000.000	1000.000	728.863	0.000	60.000	66.801	66.801	2.000	0.000	0.000	
7.525	1000.000	1000.000	730.282	0.000	60.000	66.801	66.801	2.000	0.000	0.000	
7.550	1000.000	1000.000	744.417	0.000	60.000	66.801	66.801	2.000	0.000	0.000	
7.575	1000.000	1000.000	736.739	0.000	60.000	66.801	66.801	2.000	0.000	0.000	
7.600	1000.000	1000.000	721.154	0.000	60.000	66.801	66.801	2.000	0.000	0.000	
7.625	1000.000	1000.000	740.741	0.000	60.000	66.801	66.801	2.000	0.000	0.000	
7.650	1000.000	1000.000	745.156	0.000	60.000	66.801	66.801	2.000	0.000	0.000	
7.675	1000.000	1000.000	736.739	0.000	60.000	66.801	66.801	2.000	0.000	0.000	
7.700	1000.000	1000.000	748.877	0.000	60.000	66.801	66.801	2.000	0.000	0.000	
7.725	1000.000	1000.000	756.048	0.000	60.000	66.801	66.801	2.000	0.000	0.000	
7.750	1000.000	1000.000	746.269	0.000	60.000	66.801	66.801	2.000	0.000	0.000	
7.775	1000.000	1000.000	756.430	0.000	60.000	66.801	66.801	2.000	0.000	0.000	
7.800	1000.000	1000.000	766.088	0.000	60.000	66.801	66.801	2.000	0.000	0.000	
7.825	1000.000	1000.000	748.877	0.000	60.000	66.801	66.801	2.000	0.000	0.000	
7.850	1000.000	1000.000	775.194	0.000	60.000	66.801	66.801	2.000	0.000	0.000	
7.875	1000.000	1000.000	767.656	0.000	60.000	66.801	66.801	2.000	0.000	0.000	
7.900	1000.000	1000.000	767.263	0.000	60.000	66.801	66.801	2.000	0.000	0.000	
7.925	1000.000	1000.000	761.421	0.000	60.000	66.801	66.801	2.000	0.000	0.000	
7.950	1000.000	1000.000	783.290	0.000	60.000	66.801	66.801	2.000	0.000	0.000	
7.975	1000.000	1000.000	789.889	0.000	60.000	66.801	66.801	2.000	0.000	0.000	
8.000	1000.000	1000.000	780.031	0.000	60.000	66.801	66.801	2.000	0.000	0.000	
8.025	1000.000	1000.000	783.290	0.000	60.000	66.801	66.801	2.000	0.000	0.000	
8.050	1000.000	1000.000	797.024	0.000	60.000	66.801	66.801	2.000	0.000	0.000	
8.075	1000.000	1000.000	798.297	0.000	60.000	66.801	66.801	2.000	0.000	0.000	
8.100	1000.000	1000.000	794.492	0.000	60.000	66.801	66.801	2.000	0.000	0.000	
8.125	1000.000	1000.000	794.492	0.000	60.000	66.801	66.801	2.000	0.000	0.000	
8.150	1000.000	1000.000	777.202	0.000	60.000	66.801	66.801	2.000	0.000	0.000	
8.175	1000.000	1000.000	792.812	0.000	60.000	66.801	66.801	2.000	0.000	0.000	
8.200	1000.000	1000.000	805.585	0.000	60.000	66.801	66.801	2.000	0.000	0.000	
8.225	1000.000	1000.000	821.018	0.000	60.000	66.801	66.801	2.000	0.000	0.000	
8.250	1000.000	1000.000	779.626	0.000	60.000	66.801	66.801	2.000	0.000	0.000	
8.275	1000.000	1000.000	814.332	0.000	60.000	66.801	66.801	2.000	0.000	0.000	
8.300	1000.000	1000.000	827.815	0.000	60.000	66.801	66.801	2.000	0.000	0.000	
8.325	1000.000	1000.000	775.595	0.000	60.000	66.801	66.801	2.000	0.000	0.000	
8.350	1000.000	1000.000	828.272	0.000	60.000	66.801	66.801	2.000	0.000	0.000	
8.375	1000.000	1000.000	799.148	0.000	60.000	66.801	66.801	2.000	0.000	0.000	
8.400	1000.000	1000.000	837.521	0.000	60.000	66.801	66.801	2.000	0.000	0.000	
8.425	1000.000	1000.000	813.449	0.000	60.000	66.801	66.801	2.000	0.000	0.000	
8.450	1000.000	1000.000	803.428	0.000	60.000	66.801	66.801	2.000	0.000	0.000	
8.475	1000.000	1000.000	894.454	0.000	60.000	66.801	66.801	2.000	0.000	0.000	
8.500	1000.000	1000.000	722.543	0.000	60.000	66.801	66.801	2.000	0.000	0.000	
8.525	1000.000	1000.000	888.626	0.000	60.000	66.801	66.801	2.000	0.000	0.000	
8.550	1000.000	1000.000	916.870	0.000	60.000	66.801	66.801	2.000	0.000	0.000	
8.575	1000.000	1000.000	720.807	0.000	60.000	66.801	66.801	2.000	0.000	0.000	
8.600	1000.000	1000.000	858.124	0.000	60.000	66.801	66.801	2.000	0.000	0.000	
8.625	1000.000	1000.000	876.168	0.000	60.000	66.801	66.801	2.000	0.000	0.000	
8.650	1000.000	1000.000	816.993	0.000	60.000	66.801	66.801	2.000	0.000	0.000	
8.675	1000.000	1000.000	887.049	0.000	60.000	66.801	66.801	2.000	0.000	0.000	
8.700	1000.000	1000.000	836.120	0.000	60.000	66.801	66.801	2.000	0.000	0.000	
8.725	1000.000	1000.000	829.187	0.000	60.000	66.801	66.801	2.000	0.000	0.000	
8.750	1000.000	1000.000	855.188	0.000	60.000	66.801	66.801	2.000	0.000	0.000	
8.775	1000.000	1000.000	817.884	0.000	60.000	66.801	66.801	2.000	0.000	0.000	
8.800	1000.000	1000.000	859.599	0.000	60.000	66.801	66.801	2.000	0.000	0.000	
8.825	1000.000	1000.000	852.757	0.000	60.000	66.801	66.801	2.000	0.000	0.000	
8.850	1000.000	1000.000	836.587	0.000	60.000	66.801	66.801	2.000	0.000	0.000	
8.875	1000.000	1000.000	893.389	0.000	60.000	66.801	66.801	2.000	0.000	0.000	
8.900	1000.000	1000.000	854.214	0.000	60.000	66.801	66.801	2.000	0.000	0.000	
8.925	1000.000	1000.000	827.815	0.000	60.000	66.801	66.801	2.000	0.000	0.000	
8.950	1000.000	1000.000	849.377	0.000	60.000	66.801	66.801	2.000	0.000	0.000	
8.975	1000.000	1000.000	854.701	0.000	60.000	66.801	66.801	2.000	0.000	0.000	
9.000	1000.000	1000.000	864.553	0.000	60.000	66.801	66.801	2.000	0.000	0.000	
9.025	1000.000	1000.000	872.093	0.000	60.000	66.801	66.801	2.000	0.000	0.000	
9.050	1000.000	1000.000	865.551	0.000	60.000	66.801	66.801	2.000	0.000	0.000	
9.075	1000.000	1000.000	873.617	0.000	60.000	66.801	66.801	2.000	0.000	0.000	
9.100	1000.000	1000.000	861.079	0.000	60.000	66.801	66.801	2.000	0.000	0.000	
9.125	1000.000	1000.000	872.600	0.000	60.000	66.801	66.801	2.000	0.000	0.000	
9.150	1000.000	1000.000	878.220	0.000	60.000	66.801	66.801	2.000	0.000	0.000	
9.175	1000.000	1000.000	855.188	0.000	60.000	66.801	66.801	2.000	0.000	0.000	
9.200	1000.000	1000.000	889.152	0.000	60.000	66.801	66.801	2.000	0.000	0.000	
9.225	1000.000	1000.000	865.551	0.000	60.000	66.801	66.801	2.000	0.000	0.000	
9.250	1000.000	1000.000	873.108	0.000	60.000	66.801	66.801	2.000	0.000	0.000	
9.275	1000.000	1000.000	872.093	0.000	60.000	66.801	66.801	2.000	0.000	0.000	
9.300	1000.000	1000.000	888.626	0.000	60.000	66.801	66.801	2.000	0.000	0.000	
9.325	1000.000	1000.000	861.079	0.000	60.000	66.801	66.801	2.000	0.000	0.000	
9.350	1000.000	1000.000	889.152	0.000	60.000	66.801	66.801	2.000	0.000	0.000	
9.375	1000.000	1000.000	876.680	0.000	60.000	66.801	66.801	2.000	0.000	0.000	
9.400	1000.000	1000.000	875.146	0.000	60.000	66.801	66.801	2.000	0.000	0.000	
9.425	1000.000	1000.000	894.454	0.000	60.000	66.801	66.801	2.000	0.000	0.000	
9.450	1000.000	1000.000	876.680	0.000	60.000	66.801	66.801	2.000	0.000	0.000	
9.475	1000.000	1000.000	882.872	0.000	60.000	66.801	66.801	2.000	0.000	0.000	
9.500	1000.000	1000.000	891.266	0.000	60.000	66.801	66.801	2.000	0.000	0.000	
9.525	1000.000	1000.000	883.913	0.000	60.000	66.801	66.801	2.000	0.000	0.000	
9.550	1000.000	1000.000	887.574	0.000	60.000	66.801	66.801	2.000	0.000	0.000	
9.575	1000.000	1000.000	881.316	0.000	60.000	66.801	66.801	2.000	0.000	0.000	
9.600	1000.000	1000.000	898.204	0.000	60.000	66.801	66.801	2.000	0.000	0.000	
9.625	1000.000	1000.000	899.820	0.000	60.000	66.801	66.801	2.000	0.000	0.000	
9.650	1000.000	1000.000	881.316	0.000	60.000	66.801	66.801	2.000	0.000	0.000	
9.675	1000.000	1000.000	893.389	0.000	60.000	66.801	66.801	2.000	0.000	0.000	
9.700	1000.000	1000.000	891.266	0.000	60.000	66.801	66.801	2.000	0.000	0.000	
9.725	1000.000	1000.000	898.742	0.000	60.000	66.801	66.801	2.000	0.000	0.000	
9.750	1000.000	1000.000	902.527	0.000	60.000	66.801	66.801	2.000	0.000	0.000	
9.775	1000.000	1000.000	905.797	0.000	60.000	66.801	66.801	2.000	0.000	0.000	
9.800	1000.000	1000.000	904.159	0.000	60.000	66.801	66.801	2.000	0.000	0.000	
9.825	1000.000	1000.000	908.540	0.000	60.000	66.801	66.801	2.000	0.000	0.000	
9.850	1000.000	1000.000	907.990	0.000	60.000	66.801	66.801	2.000	0.000	0.000	
9.875	1000.000	1000.000	910.194	0.000	60.000	66.801	66.801	2.000	0.000	0.000	
9.900	1000.000	1000.000	907.441	0.000	60.000	66.801	66.801	2.000	0.000	0.000	
9.925	1000.000	1000.000	906.892	0.000	60.000	66.801	66.801	2.000	0.000	0.000	
9.950	1000.000	1000.000	917.431	0.000	60.000	66.801	66.801	2.000	0.000	0.000	
9.975	1000.000	1000.000	907.441	0.000	60.000	66.801	66.801	2.000	0.000	0.000	
10.000	1000.000	1000.000	914.634	0.000	60.000	66.801	66.801	2.000	0.000	0.000	
10.025	1000.000	1000.000	918.555	0.000	60.000	66.801	66.801	2.000	0.000	0.000	
10.050	1000.000	1000.000	905.797	0.000	60.000	66.801	66.801	2.000	0.000	0.000	
10.075	1000.000	1000.000	905.250	0.000	60.000	66.801	66.801	2.000	0.000	0.000	
10.100	1000.000	1000.000	906.892	0.000	60.000	66.801	66.801	2.000	0.000	0.000	
10.125	1000.000	1000.000	907.441	0.000	60.000	66.801	66.801	2.000	0.000	0.000	
10.150	1000.000	1000.000	914.634	0.000	60.000	66.801	66.801	2.000	0.000	0.000	
10.175	1000.000	1000.000	924.214	0.000	60.000	66.801	66.801	2.000	0.000	0.000	
10.200	1000.000	1000.000	915.192	0.000	60.000	66.801	66.801	2.000	0.000	0.000	
10.225	1000.000	1000.000	916.870	0.000	60.000	66.801	66.801	2.000	0.000	0.000	
10.250	1000.000	1000.000	909.642	0.000	60.000	66.801	66.801	2.000	0.000	0.000	
10.275	1000.000	1000.000	923.645	0.000	60.000	66.801	66.801	2.000	0.000	0.000	
10.300	1000.000	1000.000	920.810	0.000	60.000	66.801	66.801	2.000	0.000	0.000	
10.325	1000.000	1000.000	915.192	0.000	60.000	66.801	66.801	2.000	0.000	0.000	
10.350	1000.000	1000.000	925.355	0.000	60.000	66.801	66.801	2.000	0.000	0.000	
10.375	1000.000	1000.000	922.509	0.000	60.000	66.801	66.801	2.000	0.000	0.000	
10.400	1000.000	1000.000	918.555	0.000	60.000	66.801	66.801	2.000	0.000	0.000	
10.425	1000.000	1000.000	923.077	0.000	60.000	66.801	66.801	2.000	0.000	0.000	
10.450	1000.000	1000.000	923.077	0.000	60.000	66.801	66.801	2.000	0.000	0.000	
10.475	1000.000	1000.000	926.498	0.000	60.000	66.801	66.801	2.000	0.000	0.000	
10.500	1000.000	1000.000	922.509	0.000	60.000	66.801	66.801	2.000	0.000	0.000	
10.525	1000.000	1000.000	921.376	0.000	60.000	66.801	66.801	2.000	0.000	0.000	
10.550	1000.000	1000.000	927.644	0.000	60.000	66.801	66.801	2.000	0.000	0.000	
10.575	1000.000	1000.000	929.944	0.000	60.000	66.801	66.801	2.000	0.000	0.000	
10.600	1000.000	1000.000	932.836	0.000	60.000	66.801	66.801	2.000	0.000	0.000	
10.625	1000.000	1000.000	927.070	0.000	60.000	66.801	66.801	2.000	0.000	0.000	
10.650	1000.000	1000.000	933.998	0.000	60.000	66.801	66.801	2.000	0.000	0.000	
10.675	1000.000	1000.000	926.498	0.000	60.000	66.801	66.801	2.000	0.000	0.000	
10.700	1000.000	1000.000	933.998	0.000	60.000	66.801	66.801	2.000	0.000	0.000	
10.725	1000.000	1000.000	927.070	0.000	60.000	66.801	66.801	2.000	0.000	0.000	
10.750	1000.000	1000.000	932.256	0.000	60.000	66.801	66.801	2.000	0.000	0.000	
10.775	1000.000	1000.000	932.256	0.000	60.000	66.801	66.801	2.000	0.000	0.000	
10.800	1000.000	1000.000	934.579	0.000	60.000	66.801	66.801	2.000	0.000	0.000	
10.825	1000.000	1000.000	935.162	0.000	60.000	66.801	66.801	2.000	0.000	0.000	
10.850	1000.000	1000.000	935.745	0.000	60.000	66.801	66.801	2.000	0.000	0.000	
10.875	1000.000	1000.000	933.416	0.000	60.000	66.801	66.801	2.000	0.000	0.000	
10.900	1000.000	1000.000	940.439	0.000	60.000	66.801	66.801	2.000	0.000	0.000	
10.925	1000.000	1000.000	932.836	0.000	60.000	66.801	66.801	2.000	0.000	0.000	
10.950	1000.000	1000.000	941.620	0.000	60.000	66.801	66.801	2.000	0.000	0.000	
10.975	1000.000	1000.000	932.256	0.000	60.000	66.801	66.801	2.000	0.000	0.000	
11.000	1000.000	1000.000	939.261	0.000	60.000	66.801	66.801	2.000	0.000	0.000	
11.025	1000.000	1000.000	940.439	0.000	60.000	66.801	66.801	2.000	0.000	0.000	
11.050	1000.000	1000.000	935.745	0.000	60.000	66.801	66.801	2.000	0.000	0.000	
11.075	1000.000	1000.000	943.990	0.000	60.000	66.801	66.801	2.000	0.000	0.000	
11.100	1000.000	1000.000	935.745	0.000	60.000	66.801	66.801	2.000	0.000	0.000	
11.125	1000.000	1000.000	948.167	0.000	60.000	66.801	66.801	2.000	0.000	0.000	
11.150	1000.000	1000.000	946.372	0.000	60.000	66.801	66.801	2.000	0.000	0.000	
11.175	1000.000	1000.000	932.256	0.000	60.000	66.801	66.801	2.000	0.000	0.000	
11.200	1000.000	1000.000	949.367	0.000	60.000	66.801	66.801	2.000	0.000	0.000	
11.225	1000.000	1000.000	947.568	0.000	60.000	66.801	66.801	2.000	0.000	0.000	
11.250	1000.000	1000.000	941.620	0.000	60.000	66.801	66.801	2.000	0.000	0.000	
11.275	1000.000	1000.000	938.673	0.000	60.000	66.801	66.801	2.000	0.000	0.000	
11.300	1000.000	1000.000	952.381	0.000	60.000	66.801	66.801	2.000	0.000	0.000	
11.325	1000.000	1000.000	945.180	0.000	60.000	66.801	66.801	2.000	0.000	0.000	
11.350	1000.000	1000.000	941.029	0.000	60.000	66.801	66.801	2.000	0.000	0.000	
11.375	1000.000	1000.000	949.367	0.000	60.000	66.801	66.801	2.000	0.000	0.000	
11.400	1000.000	1000.000	952.381	0.000	60.000	66.801	66.801	2.000	0.000	0.000	
11.425	1000.000	1000.000	947.568	0.000	60.000	66.801	66.801	2.000	0.000	0.000	
11.450	1000.000	1000.000	940.439	0.000	60.000	66.801	66.801	2.000	0.000	0.000	
11.475	1000.000	1000.000	951.777	0.000	60.000	66.801	66.801	2.000	0.000	0.000	
11.500	1000.000	1000.000	952.986	0.000	60.000	66.801	66.801	2.000	0.000	0.000	
11.525	1000.000	1000.000	948.767	0.000	60.000	66.801	66.801	2.000	0.000	0.000	
11.550	1000.000	1000.000	944.584	0.000	60.000	66.801	66.801	2.000	0.000	0.000	
11.575	1000.000	1000.000	952.381	0.000	60.000	66.801	66.801	2.000	0.000	0.000	
11.600	1000.000	1000.000	948.167	0.000	60.000	66.801	66.801	2.000	0.000	0.000	
11.625	1000.000	1000.000	959.079	0.000	60.000	66.801	66.801	2.000	0.000	0.000	
11.650	1000.000	1000.000	948.767	0.000	60.000	66.801	66.801	2.000	0.000	0.000	
11.675	1000.000	1000.000	943.990	0.000	60.000	66.801	66.801	2.000	0.000	0.000	
11.700	1000.000	1000.000	958.466	0.000	60.000	66.801	66.801	2.000	0.000	0.000	
11.725	1000.000	1000.000	952.381	0.000	60.000	66.801	66.801	2.000	0.000	0.000	
11.750	1000.000	1000.000	956.633	0.000	60.000	66.801	66.801	2.000	0.000	0.000	
11.775	1000.000	1000.000	959.693	0.000	60.000	66.801	66.801	2.000	0.000	0.000	
11.800	1000.000	1000.000	953.592	0.000	60.000	66.801	66.801	2.000	0.000	0.000	
11.825	1000.000	1000.000	954.198	0.000	60.000	66.801	66.801	2.000	0.000	0.000	
11.850	1000.000	1000.000	954.198	0.000	60.000	66.801	66.801	2.000	0.000	0.000	
11.875	1000.000	1000.000	954.198	0.000	60.000	66.801	66.801	2.000	0.000	0.000	
11.900	1000.000	1000.000	949.968	0.000	60.000	66.801	66.801	2.000	0.000	0.000	
11.925	1000.000	1000.000	960.922	0.000	60.000	66.801	66.801	2.000	0.000	0.000	
11.950	1000.000	1000.000	960.922	0.000	60.000	66.801	66.801	2.000	0.000	0.000	
11.975	1000.000	1000.000	959.693	0.000	60.000	66.801	66.801	2.000	0.000	0.000	
12.000	1000.000	1000.000	960.307	0.000	60.000	66.801	66.801	2.000	0.000	0.000	
12.025	1000.000	1000.000	962.155	0.000	60.000	66.801	66.801	2.000	0.000	0.000	
12.050	1000.000	1000.000	956.023	0.000	60.000	66.801	66.801	2.000	0.000	0.000	
12.075	1000.000	1000.000	961.538	0.000	60.000	66.801	66.801	2.000	0.000	0.000	
12.100	1000.000	1000.000	950.570	0.000	60.000	66.801	66.801	2.000	0.000	0.000	
12.125	1000.000	1000.000	952.381	0.000	60.000	66.801	66.801	2.000	0.000	0.000	
12.150	1000.000	1000.000	965.873	0.000	60.000	66.801	66.801	2.000	0.000	0.000	
12.175	1000.000	1000.000	951.777	0.000	60.000	66.801	66.801	2.000	0.000	0.000	
12.200	1000.000	1000.000	960.307	0.000	60.000	66.801	66.801	2.000	0.000	0.000	
12.225	1000.000	1000.000	962.773	0.000	60.000	66.801	66.801	2.000	0.000	0.000	
12.250	1000.000	1000.000	956.633	0.000	60.000	66.801	66.801	2.000	0.000	0.000	
12.275	1000.000	1000.000	960.307	0.000	60.000	66.801	66.801	2.000	0.000	0.000	
12.300	1000.000	1000.000	965.873	0.000	60.000	66.801	66.801	2.000	0.000	0.000	
12.325	1000.000	1000.000	961.538	0.000	60.000	66.801	66.801	2.000	0.000	0.000	
12.350	1000.000	1000.000	959.693	0.000	60.000	66.801	66.801	2.000	0.000	0.000	
12.375	1000.000	1000.000	965.251	0.000	60.000	66.801	66.801	2.000	0.000	0.000	
12.400	1000.000	1000.000	960.922	0.000	60.000	66.801	66.801	2.000	0.000	0.000	
12.425	1000.000	1000.000	959.079	0.000	60.000	66.801	66.801	2.000	0.000	0.000	
12.450	1000.000	1000.000	970.246	0.000	60.000	66.801	66.801	2.000	0.000	0.000	
12.475	1000.000	1000.000	962.155	0.000	60.000	66.801	66.801	2.000	0.000	0.000	
12.500	1000.000	1000.000	964.630	0.000	60.000	66.801	66.801	2.000	0.000	0.000	
12.525	1000.000	1000.000	959.693	0.000	60.000	66.801	66.801	2.000	0.000	0.000	
12.550	1000.000	1000.000	960.922	0.000	60.000	66.801	66.801	2.000	0.000	0.000	
12.575	1000.000	1000.000	970.874	0.000	60.000	66.801	66.801	2.000	0.000	0.000	
12.600	1000.000	1000.000	960.922	0.000	60.000	66.801	66.801	2.000	0.000	0.000	
12.625	1000.000	1000.000	967.742	0.000	60.000	66.801	66.801	2.000	0.000	0.000	
12.650	1000.000	1000.000	970.874	0.000	60.000	66.801	66.801	2.000	0.000	0.000	
12.675	1000.000	1000.000	967.118	0.000	60.000	66.801	66.801	2.000	0.000	0.000	
12.700	1000.000	1000.000	972.763	0.000	60.000	66.801	66.801	2.000	0.000	0.000	
12.725	1000.000	1000.000	968.367	0.000	60.000	66.801	66.801	2.000	0.000	0.000	
12.750	1000.000	1000.000	970.874	0.000	60.000	66.801	66.801	2.000	0.000	0.000	
12.775	1000.000	1000.000	968.367	0.000	60.000	66.801	66.801	2.000	0.000	0.000	
12.800	1000.000	1000.000	977.836	0.000	60.000	66.801	66.801	2.000	0.000	0.000	
12.825	1000.000	1000.000	966.495	0.000	60.000	66.801	66.801	2.000	0.000	0.000	
12.850	1000.000	1000.000	964.010	0.000	60.000	66.801	66.801	2.000	0.000	0.000	
12.875	1000.000	1000.000	973.394	0.000	60.000	66.801	66.801	2.000	0.000	0.000	
12.900	1000.000	1000.000	963.391	0.000	60.000	66.801	66.801	2.000	0.000	0.000	
12.925	1000.000	1000.000	971.503	0.000	60.000	66.801	66.801	2.000	0.000	0.000	
12.950	1000.000	1000.000	977.199	0.000	60.000	66.801	66.801	2.000	0.000	0.000	
12.975	1000.000	1000.000	967.118	0.000	60.000	66.801	66.801	2.000	0.000	0.000	
13.000	1000.000	1000.000	972.763	0.000	60.000	66.801	66.801	2.000	0.000	0.000	
13.025	1000.000	1000.000	974.659	0.000	60.000	66.801	66.801	2.000	0.000	0.000	
13.050	1000.000	1000.000	969.619	0.000	60.000	66.801	66.801	2.000	0.000	0.000	
13.075	1000.000	1000.000	967.742	0.000	60.000	66.801	66.801	2.000	0.000	0.000	
13.100	1000.000	1000.000	970.874	0.000	60.000	66.801	66.801	2.000	0.000	0.000	
13.125	1000.000	1000.000	967.742	0.000	60.000	66.801	66.801	2.000	0.000	0.000	
13.150	1000.000	1000.000	972.763	0.000	60.000	66.801	66.801	2.000	0.000	0.000	
13.175	1000.000	1000.000	977.199	0.000	60.000	66.801	66.801	2.000	0.000	0.000	
13.200	1000.000	1000.000	975.293	0.000	60.000	66.801	66.801	2.000	0.000	0.000	
13.225	1000.000	1000.000	972.763	0.000	60.000	66.801	66.801	2.000	0.000	0.000	
13.250	1000.000	1000.000	969.619	0.000	60.000	66.801	66.801	2.000	0.000	0.000	
13.275	1000.000	1000.000	969.619	0.000	60.000	66.801	66.801	2.000	0.000	0.000	
13.300	1000.000	1000.000	975.293	0.000	60.000	66.801	66.801	2.000	0.000	0.000	
13.325	1000.000	1000.000	972.763	0.000	60.000	66.801	66.801	2.000	0.000	0.000	
13.350	1000.000	1000.000	979.752	0.000	60.000	66.801	66.801	2.000	0.000	0.000	
13.375	1000.000	1000.000	979.112	0.000	60.000	66.801	66.801	2.000	0.000	0.000	
13.400	1000.000	1000.000	969.619	0.000	60.000	66.801	66.801	2.000	0.000	0.000	
13.425	1000.000	1000.000	976.562	0.000	60.000	66.801	66.801	2.000	0.000	0.000	
13.450	1000.000	1000.000	966.495	0.000	60.000	66.801	66.801	2.000	0.000	0.000	
13.475	1000.000	1000.000	977.836	0.000	60.000	66.801	66.801	2.000	0.000	0.000	
13.500	1000.000	1000.000	983.607	0.000	60.000	66.801	66.801	2.000	0.000	0.000	
13.525	1000.000	1000.000	965.873	0.000	60.000	66.801	66.801	2.000	0.000	0.000	
13.550	1000.000	1000.000	974.026	0.000	60.000	66.801	66.801	2.000	0.000	0.000	
13.575	1000.000	1000.000	975.927	0.000	60.000	66.801	66.801	2.000	0.000	0.000	
13.600	1000.000	1000.000	976.562	0.000	60.000	66.801	66.801	2.000	0.000	0.000	
13.625	1000.000	1000.000	981.033	0.000	60.000	66.801	66.801	2.000	0.000	0.000	
13.650	1000.000	1000.000	969.619	0.000	60.000	66.801	66.801	2.000	0.000	0.000	
13.675	1000.000	1000.000	968.367	0.000	60.000	66.801	66.801	2.000	0.000	0.000	
13.700	1000.000	1000.000	981.033	0.000	60.000	66.801	66.801	2.000	0.000	0.000	
13.725	1000.000	1000.000	977.199	0.000	60.000	66.801	66.801	2.000	0.000	0.000	
13.750	1000.000	1000.000	977.199	0.000	60.000	66.801	66.801	2.000	0.000	0.000	
13.775	1000.000	1000.000	977.836	0.000	60.000	66.801	66.801	2.000	0.000	0.000	
13.800	1000.000	1000.000	977.836	0.000	60.000	66.801	66.801	2.000	0.000	0.000	
13.825	1000.000	1000.000	975.927	0.000	60.000	66.801	66.801	2.000	0.000	0.000	
13.850	1000.000	1000.000	982.318	0.000	60.000	66.801	66.801	2.000	0.000	0.000	
13.875	1000.000	1000.000	979.112	0.000	60.000	66.801	66.801	2.000	0.000	0.000	
13.900	1000.000	1000.000	971.503	0.000	60.000	66.801	66.801	2.000	0.000	0.000	
13.925	1000.000	1000.000	986.193	0.000	60.000	66.801	66.801	2.000	0.000	0.000	
13.950	1000.000	1000.000	979.112	0.000	60.000	66.801	66.801	2.000	0.000	0.000	
13.975	1000.000	1000.000	973.394	0.000	60.000	66.801	66.801	2.000	0.000	0.000	
14.000	1000.000	1000.000	976.562	0.000	60.000	66.801	66.801	2.000	0.000	0.000	
14.025	1000.000	1000.000	977.836	0.000	60.000	66.801	66.801	2.000	0.000	0.000	
14.050	1000.000	1000.000	980.392	0.000	60.000	66.801	66.801	2.000	0.000	0.000	
14.075	1000.000	1000.000	979.112	0.000	60.000	66.801	66.801	2.000	0.000	0.000	
14.100	1000.000	1000.000	980.392	0.000	60.000	66.801	66.801	2.000	0.000	0.000	
14.125	1000.000	1000.000	978.474	0.000	60.000	66.801	66.801	2.000	0.000	0.000	
14.150	1000.000	1000.000	981.033	0.000	60.000	66.801	66.801	2.000	0.000	0.000	
14.175	1000.000	1000.000	982.318	0.000	60.000	66.801	66.801	2.000	0.000	0.000	
14.200	1000.000	1000.000	975.293	0.000	60.000	66.801	66.801	2.000	0.000	0.000	
14.225	1000.000	1000.000	979.752	0.000	60.000	66.801	66.801	2.000	0.000	0.000	
14.250	1000.000	1000.000	984.898	0.000	60.000	66.801	66.801	2.000	0.000	0.000	
14.275	1000.000	1000.000	975.927	0.000	60.000	66.801	66.801	2.000	0.000	0.000	
14.300	1000.000	1000.000	978.474	0.000	60.000	66.801	66.801	2.000	0.000	0.000	
14.325	1000.000	1000.000	982.962	0.000	60.000	66.801	66.801	2.000	0.000	0.000	
14.350	1000.000	1000.000	986.193	0.000	60.000	66.801	66.801	2.000	0.000	0.000	
14.375	1000.000	1000.000	975.293	0.000	60.000	66.801	66.801	2.000	0.000	0.000	
14.400	1000.000	1000.000	979.112	0.000	60.000	66.801	66.801	2.000	0.000	0.000	
14.425	1000.000	1000.000	984.252	0.000	60.000	66.801	66.801	2.000	0.000	0.000	
14.450	1000.000	1000.000	979.112	0.000	60.000	66.801	66.801	2.000	0.000	0.000	
14.475	1000.000	1000.000	982.962	0.000	60.000	66.801	66.801	2.000	0.000	0.000	
14.500	1000.000	1000.000	980.392	0.000	60.000	66.801	66.801	2.000	0.000	0.000	
14.525	1000.000	1000.000	988.142	0.000	60.000	66.801	66.801	2.000	0.000	0.000	
14.550	1000.000	1000.000	977.836	0.000	60.000	66.801	66.801	2.000	0.000	0.000	
14.575	1000.000	1000.000	976.562	0.000	60.000	66.801	66.801	2.000	0.000	0.000	
14.600	1000.000	1000.000	988.794	0.000	60.000	66.801	66.801	2.000	0.000	0.000	
14.625	1000.000	1000.000	977.199	0.000	60.000	66.801	66.801	2.000	0.000	0.000	
14.650	1000.000	1000.000	982.962	0.000	60.000	66.801	66.801	2.000	0.000	0.000	
14.675	1000.000	1000.000	980.392	0.000	60.000	66.801	66.801	2.000	0.000	0.000	
14.700	1000.000	1000.000	990.753	0.000	60.000	66.801	66.801	2.000	0.000	0.000	
14.725	1000.000	1000.000	981.033	0.000	60.000	66.801	66.801	2.000	0.000	0.000	
14.750	1000.000	1000.000	981.033	0.000	60.000	66.801	66.801	2.000	0.000	0.000	
14.775	1000.000	1000.000	984.252	0.000	60.000	66.801	66.801	2.000	0.000	0.000	
14.800	1000.000	1000.000	980.392	0.000	60.000	66.801	66.801	2.000	0.000	0.000	
14.825	1000.000	1000.000	982.962	0.000	60.000	66.801	66.801	2.000	0.000	0.000	
14.850	1000.000	1000.000	988.142	0.000	60.000	66.801	66.801	2.000	0.000	0.000	
14.875	1000.000	1000.000	980.392	0.000	60.000	66.801	66.801	2.000	0.000	0.000	
14.900	1000.000	1000.000	982.318	0.000	60.000	66.801	66.801	2.000	0.000	0.000	
14.925	1000.000	1000.000	987.492	0.000	60.000	66.801	66.801	2.000	0.000	0.000	
14.950	1000.000	1000.000	977.199	0.000	60.000	66.801	66.801	2.000	0.000	0.000	
14.975	1000.000	1000.000	977.199	0.000	60.000	66.801	66.801	2.000	0.000	0.000	
15.000	1000.000	1000.000	990.753	0.000	60.000	66.801	66.801	2.000	0.000	0.000	
15.025	1000.000	1000.000	982.318	0.000	60.000	66.801	66.801	2.000	0.000	0.000	
15.050	1000.000	1000.000	982.962	0.000	60.000	66.801	66.801	2.000	0.000	0.000	
15.075	1000.000	1000.000	983.607	0.000	60.000	66.801	66.801	2.000	0.000	0.000	
15.100	1000.000	1000.000	979.752	0.000	60.000	66.801	66.801	2.000	0.000	0.000	
15.125	1000.000	1000.000	978.474	0.000	60.000	66.801	66.801	2.000	0.000	0.000	
15.150	1000.000	1000.000	990.099	0.000	60.000	66.801	66.801	2.000	0.000	0.000	
15.175	1000.000	1000.000	979.752	0.000	60.000	66.801	66.801	2.000	0.000	0.000	
15.200	1000.000	1000.000	981.033	0.000	60.000	66.801	66.801	2.000	0.000	0.000	
15.225	1000.000	1000.000	984.898	0.000	60.000	66.801	66.801	2.000	0.000	0.000	
15.250	1000.000	1000.000	987.492	0.000	60.000	66.801	66.801	2.000	0.000	0.000	
15.275	1000.000	1000.000	979.752	0.000	60.000	66.801	66.801	2.000	0.000	0.000	
15.300	1000.000	1000.000	984.898	0.000	60.000	66.801	66.801	2.000	0.000	0.000	
15.325	1000.000	1000.000	992.063	0.000	60.000	66.801	66.801	2.000	0.000	0.000	
15.350	1000.000	1000.000	982.962	0.000	60.000	66.801	66.801	2.000	0.000	0.000	
15.375	1000.000	1000.000	981.675	0.000	60.000	66.801	66.801	2.000	0.000	0.000	
15.400	1000.000	1000.000	985.545	0.000	60.000	66.801	66.801	2.000	0.000	0.000	
15.425	1000.000	1000.000	982.318	0.000	60.000	66.801	66.801	2.000	0.000	0.000	
15.450	1000.000	1000.000	985.545	0.000	60.000	66.801	66.801	2.000	0.000	0.000	
15.475	1000.000	1000.000	984.898	0.000	60.000	66.801	66.801	2.000	0.000	0.000	
15.500	1000.000	1000.000	977.199	0.000	60.000	66.801	66.801	2.000	0.000	0.000	
15.525	1000.000	1000.000	984.898	0.000	60.000	66.801	66.801	2.000	0.000	0.000	
15.550	1000.000	1000.000	981.033	0.000	60.000	66.801	66.801	2.000	0.000	0.000	
15.575	1000.000	1000.000	984.252	0.000	60.000	66.801	66.801	2.000	0.000	0.000	
15.600	1000.000	1000.000	986.842	0.000	60.000	66.801	66.801	2.000	0.000	0.000	
15.625	1000.000	1000.000	980.392	0.000	60.000	66.801	66.801	2.000	0.000	0.000	
15.650	1000.000	1000.000	988.142	0.000	60.000	66.801	66.801	2.000	0.000	0.000	
15.675	1000.000	1000.000	986.842	0.000	60.000	66.801	66.801	2.000	0.000	0.000	
15.700	1000.000	1000.000	981.675	0.000	60.000	66.801	66.801	2.000	0.000	0.000	
15.725	1000.000	1000.000	984.252	0.000	60.000	66.801	66.801	2.000	0.000	0.000	
15.750	1000.000	1000.000	987.492	0.000	60.000	66.801	66.801	2.000	0.000	0.000	
15.775	1000.000	1000.000	984.252	0.000	60.000	66.801	66.801	2.000	0.000	0.000	
15.800	1000.000	1000.000	986.193	0.000	60.000	66.801	66.801	2.000	0.000	0.000	
15.825	1000.000	1000.000	981.675	0.000	60.000	66.801	66.801	2.000	0.000	0.000	
15.850	1000.000	1000.000	982.962	0.000	60.000	66.801	66.801	2.000	0.000	0.000	
15.875	1000.000	1000.000	988.794	0.000	60.000	66.801	66.801	2.000	0.000	0.000	
15.900	1000.000	1000.000	982.318	0.000	60.000	66.801	66.801	2.000	0.000	0.000	
15.925	1000.000	1000.000	986.842	0.000	60.000	66.801	66.801	2.000	0.000	0.000	
15.950	1000.000	1000.000	987.492	0.000	60.000	66.801	66.801	2.000	0.000	0.000	
15.975	1000.000	1000.000	982.318	0.000	60.000	66.801	66.801	2.000	0.000	0.000	
16.000	1000.000	1000.000	985.545	0.000	60.000	66.801	66.801	2.000	0.000	0.000	
16.025	1000.000	1000.000	989.446	0.000	60.000	66.801	66.801	2.000	0.000	0.000	
16.050	1000.000	1000.000	980.392	0.000	60.000	66.801	66.801	2.000	0.000	0.000	
16.075	1000.000	1000.000	985.545	0.000	60.000	66.801	66.801	2.000	0.000	0.000	
16.100	1000.000	1000.000	989.446	0.000	60.000	66.801	66.801	2.000	0.000	0.000	
16.125	1000.000	1000.000	984.252	0.000	60.000	66.801	66.801	2.000	0.000	0.000	
16.150	1000.000	1000.000	988.142	0.000	60.000	66.801	66.801	2.000	0.000	0.000	
16.175	1000.000	1000.000	982.318	0.000	60.000	66.801	66.801	2.000	0.000	0.000	
16.200	1000.000	1000.000	988.142	0.000	60.000	66.801	66.801	2.000	0.000	0.000	
16.225	1000.000	1000.000	987.492	0.000	60.000	66.801	66.801	2.000	0.000	0.000	
16.250	1000.000	1000.000	982.962	0.000	60.000	66.801	66.801	2.000	0.000	0.000	
16.275	1000.000	1000.000	988.142	0.000	60.000	66.801	66.801	2.000	0.000	0.000	
16.300	1000.000	1000.000	983.607	0.000	60.000	66.801	66.801	2.000	0.000	0.000	
16.325	1000.000	1000.000	985.545	0.000	60.000	66.801	66.801	2.000	0.000	0.000	
16.350	1000.000	1000.000	982.962	0.000	60.000	66.801	66.801	2.000	0.000	0.000	
16.375	1000.000	1000.000	981.033	0.000	60.000	66.801	66.801	2.000	0.000	0.000	
16.400	1000.000	1000.000	992.063	0.000	60.000	66.801	66.801	2.000	0.000	0.000	
16.425	1000.000	1000.000	989.446	0.000	60.000	66.801	66.801	2.000	0.000	0.000	
16.450	1000.000	1000.000	983.607	0.000	60.000	66.801	66.801	2.000	0.000	0.000	
16.475	1000.000	1000.000	987.492	0.000	60.000	66.801	66.801	2.000	0.000	0.000	
16.500	1000.000	1000.000	988.794	0.000	60.000	66.801	66.801	2.000	0.000	0.000	
16.525	1000.000	1000.000	982.962	0.000	60.000	66.801	66.801	2.000	0.000	0.000	
16.550	1000.000	1000.000	994.695	0.000	60.000	66.801	66.801	2.000	0.000	0.000	
16.575	1000.000	1000.000	986.842	0.000	60.000	66.801	66.801	2.000	0.000	0.000	
16.600	1000.000	1000.000	984.252	0.000	60.000	66.801	66.801	2.000	0.000	0.000	
16.625	1000.000	1000.000	990.753	0.000	60.000	66.801	66.801	2.000	0.000	0.000	
16.650	1000.000	1000.000	985.545	0.000	60.000	66.801	66.801	2.000	0.000	0.000	
16.675	1000.000	1000.000	992.063	0.000	60.000	66.801	66.801	2.000	0.000	0.000	
16.700	1000.000	1000.000	990.099	0.000	60.000	66.801	66.801	2.000	0.000	0.000	
16.725	1000.000	1000.000	982.962	0.000	60.000	66.801	66.801	2.000	0.000	0.000	
16.750	1000.000	1000.000	990.753	0.000	60.000	66.801	66.801	2.000	0.000	0.000	
16.775	1000.000	1000.000	980.392	0.000	60.000	66.801	66.801	2.000	0.000	0.000	
16.800	1000.000	1000.000	992.063	0.000	60.000	66.801	66.801	2.000	0.000	0.000	
16.825	1000.000	1000.000	988.142	0.000	60.000	66.801	66.801	2.000	0.000	0.000	
16.850	1000.000	1000.000	984.898	0.000	60.000	66.801	66.801	2.000	0.000	0.000	
16.875	1000.000	1000.000	989.446	0.000	60.000	66.801	66.801	2.000	0.000	0.000	
16.900	1000.000	1000.000	981.675	0.000	60.000	66.801	66.801	2.000	0.000	0.000	
16.925	1000.000	1000.000	995.355	0.000	60.000	66.801	66.801	2.000	0.000	0.000	
16.950	1000.000	1000.000	985.545	0.000	60.000	66.801	66.801	2.000	0.000	0.000	
16.975	1000.000	1000.000	988.142	0.000	60.000	66.801	66.801	2.000	0.000	0.000	
17.000	1000.000	1000.000	987.492	0.000	60.000	66.801	66.801	2.000	0.000	0.000	
17.025	1000.000	1000.000	986.193	0.000	60.000	66.801	66.801	2.000	0.000	0.000	
17.050	1000.000	1000.000	996.016	0.000	60.000	66.801	66.801	2.000	0.000	0.000	
17.075	1000.000	1000.000	981.033	0.000	60.000	66.801	66.801	2.000	0.000	0.000	
17.100	1000.000	1000.000	994.036	0.000	60.000	66.801	66.801	2.000	0.000	0.000	
17.125	1000.000	1000.000	988.794	0.000	60.000	66.801	66.801	2.000	0.000	0.000	
17.150	1000.000	1000.000	987.492	0.000	60.000	66.801	66.801	2.000	0.000	0.000	
17.175	1000.000	1000.000	992.063	0.000	60.000	66.801	66.801	2.000	0.000	0.000	
17.200	1000.000	1000.000	979.112	0.000	60.000	66.801	66.801	2.000	0.000	0.000	
17.225	1000.000	1000.000	995.355	0.000	60.000	66.801	66.801	2.000	0.000	0.000	
17.250	1000.000	1000.000	996.016	0.000	60.000	66.801	66.801	2.000	0.000	0.000	
17.275	1000.000	1000.000	984.898	0.000	60.000	66.801	66.801	2.000	0.000	0.000	
17.300	1000.000	1000.000	992.063	0.000	60.000	66.801	66.801	2.000	0.000	0.000	
17.325	1000.000	1000.000	979.752	0.000	60.000	66.801	66.801	2.000	0.000	0.000	
17.350	1000.000	1000.000	995.355	0.000	60.000	66.801	66.801	2.000	0.000	0.000	
17.375	1000.000	1000.000	986.842	0.000	60.000	66.801	66.801	2.000	0.000	0.000	
17.400	1000.000	1000.000	988.142	0.000	60.000	66.801	66.801	2.000	0.000	0.000	
17.425	1000.000	1000.000	992.063	0.000	60.000	66.801	66.801	2.000	0.000	0.000	
17.450	1000.000	1000.000	984.252	0.000	60.000	66.801	66.801	2.000	0.000	0.000	
17.475	1000.000	1000.000	993.378	0.000	60.000	66.801	66.801	2.000	0.000	0.000	
17.500	1000.000	1000.000	982.962	0.000	60.000	66.801	66.801	2.000	0.000	0.000	
17.525	1000.000	1000.000	992.063	0.000	60.000	66.801	66.801	2.000	0.000	0.000	
17.550	1000.000	1000.000	985.545	0.000	60.000	66.801	66.801	2.000	0.000	0.000	
17.575	1000.000	1000.000	990.099	0.000	60.000	66.801	66.801	2.000	0.000	0.000	
17.600	1000.000	1000.000	990.753	0.000	60.000	66.801	66.801	2.000	0.000	0.000	
17.625	1000.000	1000.000	988.142	0.000	60.000	66.801	66.801	2.000	0.000	0.000	
17.650	1000.000	1000.000	986.842	0.000	60.000	66.801	66.801	2.000	0.000	0.000	
17.675	1000.000	1000.000	992.063	0.000	60.000	66.801	66.801	2.000	0.000	0.000	
17.700	1000.000	1000.000	992.063	0.000	60.000	66.801	66.801	2.000	0.000	0.000	
17.725	1000.000	1000.000	984.898	0.000	60.000	66.801	66.801	2.000	0.000	0.000	
17.750	1000.000	1000.000	989.446	0.000	60.000	66.801	66.801	2.000	0.000	0.000	
17.775	1000.000	1000.000	987.492	0.000	60.000	66.801	66.801	2.000	0.000	0.000	
17.800	1000.000	1000.000	988.142	0.000	60.000	66.801	66.801	2.000	0.000	0.000	
17.825	1000.000	1000.000	988.794	0.000	60.000	66.801	66.801	2.000	0.000	0.000	
17.850	1000.000	1000.000	986.193	0.000	60.000	66.801	66.801	2.000	0.000	0.000	
17.875	1000.000	1000.000	984.898	0.000	60.000	66.801	66.801	2.000	0.000	0.000	
17.900	1000.000	1000.000	992.063	0.000	60.000	66.801	66.801	2.000	0.000	0.000	
17.925	1000.000	1000.000	987.492	0.000	60.000	66.801	66.801	2.000	0.000	0.000	
17.950	1000.000	1000.000	986.842	0.000	60.000	66.801	66.801	2.000	0.000	0.000	
17.975	1000.000	1000.000	986.842	0.000	60.000	66.801	66.801	2.000	0.000	0.000	
18.000	1000.000	1000.000	991.408	0.000	60.000	66.801	66.801	2.000	0.000	0.000	
18.025	1000.000	1000.000	988.142	0.000	60.000	66.801	66.801	2.000	0.000	0.000	
18.050	1000.000	1000.000	992.063	0.000	60.000	66.801	66.801	2.000	0.000	0.000	
18.075	1000.000	1000.000	990.099	0.000	60.000	66.801	66.801	2.000	0.000	0.000	
18.100	1000.000	1000.000	984.898	0.000	60.000	66.801	66.801	2.000	0.000	0.000	
18.125	1000.000	1000.000	991.408	0.000	60.000	66.801	66.801	2.000	0.000	0.000	
18.150	1000.000	1000.000	985.545	0.000	60.000	66.801	66.801	2.000	0.000	0.000	
18.175	1000.000	1000.000	996.016	0.000	60.000	66.801	66.801	2.000	0.000	0.000	
18.200	1000.000	1000.000	990.753	0.000	60.000	66.801	66.801	2.000	0.000	0.000	
18.225	1000.000	1000.000	988.794	0.000	60.000	66.801	66.801	2.000	0.000	0.000	
18.250	1000.000	1000.000	992.720	0.000	60.000	66.801	66.801	2.000	0.000	0.000	
18.275	1000.000	1000.000	992.063	0.000	60.000	66.801	66.801	2.000	0.000	0.000	
18.300	1000.000	1000.000	991.408	0.000	60.000	66.801	66.801	2.000	0.000	0.000	
18.325	1000.000	1000.000	992.063	0.000	60.000	66.801	66.801	2.000	0.000	0.000	
18.350	1000.000	1000.000	988.794	0.000	60.000	66.801	66.801	2.000	0.000	0.000	
18.375	1000.000	1000.000	991.408	0.000	60.000	66.801	66.801	2.000	0.000	0.000	
18.400	1000.000	1000.000	997.340	0.000	60.000	66.801	66.801	2.000	0.000	0.000	
18.425	1000.000	1000.000	983.607	0.000	60.000	66.801	66.801	2.000	0.000	0.000	
18.450	1000.000	1000.000	992.063	0.000	60.000	66.801	66.801	2.000	0.000	0.000	
18.475	1000.000	1000.000	990.753	0.000	60.000	66.801	66.801	2.000	0.000	0.000	
18.500	1000.000	1000.000	982.962	0.000	60.000	66.801	66.801	2.000	0.000	0.000	
18.525	1000.000	1000.000	999.334	0.000	60.000	66.801	66.801	2.000	0.000	0.000	
18.550	1000.000	1000.000	986.193	0.000	60.000	66.801	66.801	2.000	0.000	0.000	
18.575	1000.000	1000.000	994.036	0.000	60.000	66.801	66.801	2.000	0.000	0.000	
18.600	1000.000	1000.000	984.252	0.000	60.000	66.801	66.801	2.000	0.000	0.000	
18.625	1000.000	1000.000	990.753	0.000	60.000	66.801	66.801	2.000	0.000	0.000	
18.650	1000.000	1000.000	990.099	0.000	60.000	66.801	66.801	2.000	0.000	0.000	
18.675	1000.000	1000.000	991.408	0.000	60.000	66.801	66.801	2.000	0.000	0.000	
18.700	1000.000	1000.000	992.720	0.000	60.000	66.801	66.801	2.000	0.000	0.000	
18.725	1000.000	1000.000	986.193	0.000	60.000	66.801	66.801	2.000	0.000	0.000	
18.750	1000.000	1000.000	989.446	0.000	60.000	66.801	66.801	2.000	0.000	0.000	
18.775	1000.000	1000.000	990.099	0.000	60.000	66.801	66.801	2.000	0.000	0.000	
18.800	1000.000	1000.000	988.142	0.000	60.000	66.801	66.801	2.000	0.000	0.000	
18.825	1000.000	1000.000	988.142	0.000	60.000	66.801	66.801	2.000	0.000	0.000	
18.850	1000.000	1000.000	995.355	0.000	60.000	66.801	66.801	2.000	0.000	0.000	
18.875	1000.000	1000.000	988.142	0.000	60.000	66.801	66.801	2.000	0.000	0.000	
18.900	1000.000	1000.000	988.794	0.000	60.000	66.801	66.801	2.000	0.000	0.000	
18.925	1000.000	1000.000	994.036	0.000	60.000	66.801	66.801	2.000	0.000	0.000	
18.950	1000.000	1000.000	988.142	0.000	60.000	66.801	66.801	2.000	0.000	0.000	
18.975	1000.000	1000.000	989.446	0.000	60.000	66.801	66.801	2.000	0.000	0.000	
19.000	1000.000	1000.000	995.355	0.000	60.000	66.801	66.801	2.000	0.000	0.000	
19.025	1000.000	1000.000	986.193	0.000	60.000	66.801	66.801	2.000	0.000	0.000	
19.050	1000.000	1000.000	994.036	0.000	60.000	66.801	66.801	2.000	0.000	0.000	
19.075	1000.000	1000.000	994.036	0.000	60.000	66.801	66.801	2.000	0.000	0.000	
19.100	1000.000	1000.000	988.142	0.000	60.000	66.801	66.801	2.000	0.000	0.000	
19.125	1000.000	1000.000	997.340	0.000	60.000	66.801	66.801	2.000	0.000	0.000	
19.150	1000.000	1000.000	984.898	0.000	60.000	66.801	66.801	2.000	0.000	0.000	
19.175	1000.000	1000.000	993.378	0.000	60.000	66.801	66.801	2.000	0.000	0.000	
19.200	1000.000	1000.000	989.446	0.000	60.000	66.801	66.801	2.000	0.000	0.000	
19.225	1000.000	1000.000	986.193	0.000	60.000	66.801	66.801	2.000	0.000	0.000	
19.250	1000.000	1000.000	990.753	0.000	60.000	66.801	66.801	2.000	0.000	0.000	
19.275	1000.000	1000.000	990.099	0.000	60.000	66.801	66.801	2.000	0.000	0.000	
19.300	1000.000	1000.000	990.753	0.000	60.000	66.801	66.801	2.000	0.000	0.000	
19.325	1000.000	1000.000	992.063	0.000	60.000	66.801	66.801	2.000	0.000	0.000	
19.350	1000.000	1000.000	993.378	0.000	60.000	66.801	66.801	2.000	0.000	0.000	
19.375	1000.000	1000.000	990.099	0.000	60.000	66.801	66.801	2.000	0.000	0.000	
19.400	1000.000	1000.000	997.340	0.000	60.000	66.801	66.801	2.000	0.000	0.000	
19.425	1000.000	1000.000	988.142	0.000	60.000	66.801	66.801	2.000	0.000	0.000	
19.450	1000.000	1000.000	993.378	0.000	60.000	66.801	66.801	2.000	0.000	0.000	
19.475	1000.000	1000.000	992.720	0.000	60.000	66.801	66.801	2.000	0.000	0.000	
19.500	1000.000	1000.000	992.063	0.000	60.000	66.801	66.801	2.000	0.000	0.000	
19.525	1000.000	1000.000	987.492	0.000	60.000	66.801	66.801	2.000	0.000	0.000	
19.550	1000.000	1000.000	1000.667	0.000	60.000	66.801	66.801	2.000	0.000	0.000	
19.575	1000.000	1000.000	987.492	0.000	60.000	66.801	66.801	2.000	0.000	0.000	
19.600	1000.000	1000.000	995.355	0.000	60.000	66.801	66.801	2.000	0.000	0.000	
19.625	1000.000	1000.000	990.099	0.000	60.000	66.801	66.801	2.000	0.000	0.000	
19.650	1000.000	1000.000	987.492	0.000	60.000	66.801	66.801	2.000	0.000	0.000	
19.675	1000.000	1000.000	995.355	0.000	60.000	66.801	66.801	2.000	0.000	0.000	
19.700	1000.000	1000.000	993.378	0.000	60.000	66.801	66.801	2.000	0.000	0.000	
19.725	1000.000	1000.000	990.099	0.000	60.000	66.801	66.801	2.000	0.000	0.000	
19.750	1000.000	1000.000	990.753	0.000	60.000	66.801	66.801	2.000	0.000	0.000	
19.775	1000.000	1000.000	996.016	0.000	60.000	66.801	66.801	2.000	0.000	0.000	
19.800	1000.000	1000.000	989.446	0.000	60.000	66.801	66.801	2.000	0.000	0.000	
19.825	1000.000	1000.000	992.720	0.000	60.000	66.801	66.801	2.000	0.000	0.000	
19.850	1000.000	1000.000	991.408	0.000	60.000	66.801	66.801	2.000	0.000	0.000	
19.875	1000.000	1000.000	985.545	0.000	60.000	66.801	66.801	2.000	0.000	0.000	
19.900	1000.000	1000.000	994.036	0.000	60.000	66.801	66.801	2.000	0.000	0.000	
19.925	1000.000	1000.000	995.355	0.000	60.000	66.801	66.801	2.000	0.000	0.000	
19.950	1000.000	1000.000	986.842	0.000	60.000	66.801	66.801	2.000	0.000	0.000	
19.975	1000.000	1000.000	998.668	0.000	60.000	66.801	66.801	2.000	0.000	0.000	
20.000	1000.000	1000.000	986.193	0.000	60.000	66.801	66.801	2.000	0.000	0.000	
20.025	1000.000	1000.000	992.063	0.000	60.000	66.801	66.801	2.000	0.000	0.000	
20.050	1000.000	1000.000	992.063	0.000	60.000	66.801	66.801	2.000	0.000	0.000	
20.075	1000.000	1000.000	990.099	0.000	60.000	66.801	66.801	2.000	0.000	0.000	
20.100	1000.000	1000.000	991.408	0.000	60.000	66.801	66.801	2.000	0.000	0.000	
20.125	1000.000	1000.000	996.016	0.000	60.000	66.801	66.801	2.000	0.000	0.000	
20.150	1000.000	1000.000	986.193	0.000	60.000	66.801	66.801	2.000	0.000	0.000	
20.175	1000.000	1000.000	994.036	0.000	60.000	66.801	66.801	2.000	0.000	0.000	
20.200	1000.000	1000.000	993.378	0.000	60.000	66.801	66.801	2.000	0.000	0.000	
20.225	1000.000	1000.000	994.036	0.000	60.000	66.801	66.801	2.000	0.000	0.000	
20.250	1000.000	1000.000	992.720	0.000	60.000	66.801	66.801	2.000	0.000	0.000	
20.275	1000.000	1000.000	998.004	0.000	60.000	66.801	66.801	2.000	0.000	0.000	
20.300	1000.000	1000.000	984.252	0.000	60.000	66.801	66.801	2.000	0.000	0.000	
20.325	1000.000	1000.000	997.340	0.000	60.000	66.801	66.801	2.000	0.000	0.000	
20.350	1000.000	1000.000	992.720	0.000	60.000	66.801	66.801	2.000	0.000	0.000	
20.375	1000.000	1000.000	991.408	0.000	60.000	66.801	66.801	2.000	0.000	0.000	
20.400	1000.000	1000.000	996.016	0.000	60.000	66.801	66.801	2.000	0.000	0.000	
20.425	1000.000	1000.000	984.898	0.000	60.000	66.801	66.801	2.000	0.000	0.000	
20.450	1000.000	1000.000	996.016	0.000	60.000	66.801	66.801	2.000	0.000	0.000	
20.475	1000.000	1000.000	994.695	0.000	60.000	66.801	66.801	2.000	0.000	0.000	
20.500	1000.000	1000.000	992.720	0.000	60.000	66.801	66.801	2.000	0.000	0.000	
20.525	1000.000	1000.000	995.355	0.000	60.000	66.801	66.801	2.000	0.000	0.000	
20.550	1000.000	1000.000	992.720	0.000	60.000	66.801	66.801	2.000	0.000	0.000	
20.575	1000.000	1000.000	992.720	0.000	60.000	66.801	66.801	2.000	0.000	0.000	
20.600	1000.000	1000.000	993.378	0.000	60.000	66.801	66.801	2.000	0.000	0.000	
20.625	1000.000	1000.000	990.099	0.000	60.000	66.801	66.801	2.000	0.000	0.000	
20.650	1000.000	1000.000	998.004	0.000	60.000	66.801	66.801	2.000	0.000	0.000	
20.675	1000.000	1000.000	989.446	0.000	60.000	66.801	66.801	2.000	0.000	0.000	
20.700	1000.000	1000.000	999.334	0.000	60.000	66.801	66.801	2.000	0.000	0.000	
20.725	1000.000	1000.000	988.142	0.000	60.000	66.801	66.801	2.000	0.000	0.000	
20.750	1000.000	1000.000	991.408	0.000	60.000	66.801	66.801	2.000	0.000	0.000	
20.775	1000.000	1000.000	996.016	0.000	60.000	66.801	66.801	2.000	0.000	0.000	
20.800	1000.000	1000.000	990.753	0.000	60.000	66.801	66.801	2.000	0.000	0.000	
20.825	1000.000	1000.000	988.142	0.000	60.000	66.801	66.801	2.000	0.000	0.000	
20.850	1000.000	1000.000	996.678	0.000	60.000	66.801	66.801	2.000	0.000	0.000	
20.875	1000.000	1000.000	991.408	0.000	60.000	66.801	66.801	2.000	0.000	0.000	
20.900	1000.000	1000.000	991.408	0.000	60.000	66.801	66.801	2.000	0.000	0.000	
20.925	1000.000	1000.000	998.004	0.000	60.000	66.801	66.801	2.000	0.000	0.000	
20.950	1000.000	1000.000	995.355	0.000	60.000	66.801	66.801	2.000	0.000	0.000	
20.975	1000.000	1000.000	990.099	0.000	60.000	66.801	66.801	2.000	0.000	0.000	
21.000	1000.000	1000.000	1001.335	0.000	60.000	66.801	66.801	2.000	0.000	0.000	
21.025	1000.000	1000.000	990.753	0.000	60.000	66.801	66.801	2.000	0.000	0.000	
21.050	1000.000	1000.000	998.004	0.000	60.000	66.801	66.801	2.000	0.000	0.000	
21.075	1000.000	1000.000	990.099	0.000	60.000	66.801	66.801	2.000	0.000	0.000	
21.100	1000.000	1000.000	995.355	0.000	60.000	66.801	66.801	2.000	0.000	0.000	
21.125	1000.000	1000.000	989.446	0.000	60.000	66.801	66.801	2.000	0.000	0.000	
21.150	1000.000	1000.000	999.334	0.000	60.000	66.801	66.801	2.000	0.000	0.000	
21.175	1000.000	1000.000	992.720	0.000	60.000	66.801	66.801	2.000	0.000	0.000	
21.200	1000.000	1000.000	994.036	0.000	60.000	66.801	66.801	2.000	0.000	0.000	
21.225	1000.000	1000.000	996.016	0.000	60.000	66.801	66.801	2.000	0.000	0.000	
21.250	1000.000	1000.000	996.016	0.000	60.000	66.801	66.801	2.000	0.000	0.000	
21.275	1000.000	1000.000	991.408	0.000	60.000	66.801	66.801	2.000	0.000	0.000	
21.300	1000.000	1000.000	996.678	0.000	60.000	66.801	66.801	2.000	0.000	0.000	
21.325	1000.000	1000.000	986.193	0.000	60.000	66.801	66.801	2.000	0.000	0.000	
21.350	1000.000	1000.000	994.036	0.000	60.000	66.801	66.801	2.000	0.000	0.000	
21.375	1000.000	1000.000	994.695	0.000	60.000	66.801	66.801	2.000	0.000	0.000	
21.400	1000.000	1000.000	991.408	0.000	60.000	66.801	66.801	2.000	0.000	0.000	
21.425	1000.000	1000.000	992.063	0.000	60.000	66.801	66.801	2.000	0.000	0.000	
21.450	1000.000	1000.000	994.695	0.000	60.000	66.801	66.801	2.000	0.000	0.000	
21.475	1000.000	1000.000	994.036	0.000	60.000	66.801	66.801	2.000	0.000	0.000	
21.500	1000.000	1000.000	1000.667	0.000	60.000	66.801	66.801	2.000	0.000	0.000	
21.525	1000.000	1000.000	988.142	0.000	60.000	66.801	66.801	2.000	0.000	0.000	
21.550	1000.000	1000.000	1002.004	0.000	60.000	66.801	66.801	2.000	0.000	0.000	
21.575	1000.000	1000.000	989.446	0.000	60.000	66.801	66.801	2.000	0.000	0.000	
21.600	1000.000	1000.000	995.355	0.000	60.000	66.801	66.801	2.000	0.000	0.000	
21.625	1000.000	1000.000	995.355	0.000	60.000	66.801	66.801	2.000	0.000	0.000	
21.650	1000.000	1000.000	988.142	0.000	60.000	66.801	66.801	2.000	0.000	0.000	
21.675	1000.000	1000.000	999.334	0.000	60.000	66.801	66.801	2.000	0.000	0.000	
21.700	1000.000	1000.000	993.378	0.000	60.000	66.801	66.801	2.000	0.000	0.000	
21.725	1000.000	1000.000	996.678	0.000	60.000	66.801	66.801	2.000	0.000	0.000	
21.750	1000.000	1000.000	994.036	0.000	60.000	66.801	66.801	2.000	0.000	0.000	
21.775	1000.000	1000.000	999.334	0.000	60.000	66.801	66.801	2.000	0.000	0.000	
21.800	1000.000	1000.000	990.099	0.000	60.000	66.801	66.801	2.000	0.000	0.000	
21.825	1000.000	1000.000	998.004	0.000	60.000	66.801	66.801	2.000	0.000	0.000	
21.850	1000.000	1000.000	995.355	0.000	20.000	18.457	18.457	2.000	0.000	0.000	
21.875	1000.000	1000.000	986.193	0.000	20.000	18.457	18.457	2.000	0.000	0.000	
21.900	1000.000	1000.000	979.112	0.000	20.000	18.457	18.457	2.000	0.000	0.000	
21.925	1000.000	1000.000	977.199	0.000	20.000	18.457	18.457	2.000	0.000	0.000	
21.950	1000.000	1000.000	972.132	0.000	20.000	18.457	18.457	2.000	0.000	0.000	
21.975	1000.000	1000.000	962.773	0.000	20.000	18.457	18.457	2.000	0.000	0.000	
22.000	1000.000	1000.000	956.633	0.000	20.000	18.457	18.457	2.000	0.000	0.000	
22.025	1000.000	1000.000	956.023	0.000	20.000	18.457	18.457	2.000	0.000	0.000	
22.050	1000.000	1000.000	948.767	0.000	20.000	18.457	18.457	2.000	0.000	0.000	
22.075	1000.000	1000.000	940.439	0.000	20.000	18.457	18.457	2.000	0.000	0.000	
22.100	1000.000	1000.000	939.261	0.000	20.000	18.457	18.457	2.000	0.000	0.000	
22.125	1000.000	1000.000	939.261	0.000	20.000	18.457	18.457	2.000	0.000	0.000	
22.150	1000.000	1000.000	923.077	0.000	20.000	18.457	18.457	2.000	0.000	0.000	
22.175	1000.000	1000.000	928.793	0.000	20.000	18.457	18.457	2.000	0.000	0.000	
22.200	1000.000	1000.000	923.645	0.000	20.000	18.457	18.457	2.000	0.000	0.000	
22.225	1000.000	1000.000	903.070	0.000	20.000	18.457	18.457	2.000	0.000	0.000	
22.250	1000.000	1000.000	909.091	0.000	20.000	18.457	18.457	2.000	0.000	0.000	
22.275	1000.000	1000.000	917.431	0.000	20.000	18.457	18.457	2.000	0.000	0.000	
22.300	1000.000	1000.000	896.057	0.000	20.000	18.457	18.457	2.000	0.000	0.000	
22.325	1000.000	1000.000	899.281	0.000	20.000	18.457	18.457	2.000	0.000	0.000	
22.350	1000.000	1000.000	884.956	0.000	20.000	18.457	18.457	2.000	0.000	0.000	
22.375	1000.000	1000.000	880.282	0.000	20.000	18.457	18.457	2.000	0.000	0.000	
22.400	1000.000	1000.000	890.736	0.000	20.000	18.457	18.457	2.000	0.000	0.000	
22.425	1000.000	1000.000	855.188	0.000	20.000	18.457	18.457	2.000	0.000	0.000	
22.450	1000.000	1000.000	884.956	0.000	20.000	18.457	18.457	2.000	0.000	0.000	
22.475	1000.000	1000.000	852.757	0.000	20.000	18.457	18.457	2.000	0.000	0.000	
22.500	1000.000	1000.000	864.055	0.000	20.000	18.457	18.457	2.000	0.000	0.000	
22.525	1000.000	1000.000	863.061	0.000	20.000	18.457	18.457	2.000	0.000	0.000	
22.550	1000.000	1000.000	855.676	0.000	20.000	18.457	18.457	2.000	0.000	0.000	
22.575	1000.000	1000.000	840.807	0.000	20.000	18.457	18.457	2.000	0.000	0.000	
22.600	1000.000	1000.000	864.055	0.000	20.000	18.457	18.457	2.000	0.000	0.000	
22.625	1000.000	1000.000	867.553	0.000	20.000	18.457	18.457	2.000	0.000	0.000	
22.650	1000.000	1000.000	821.918	0.000	20.000	18.457	18.457	2.000	0.000	0.000	
22.675	1000.000	1000.000	789.474	0.000	20.000	18.457	18.457	2.000	0.000	0.000	
22.700	1000.000	1000.000	811.688	0.000	20.000	18.457	18.457	2.000	0.000	0.000	
22.725	1000.000	1000.000	886.001	0.000	20.000	18.457	18.457	2.000	0.000	0.000	
22.750	1000.000	1000.000	713.606	0.000	20.000	18.457	18.457	2.000	0.000	0.000	
22.775	1000.000	1000.000	874.636	0.000	20.000	18.457	18.457	2.000	0.000	0.000	
22.800	1000.000	1000.000	786.164	0.000	20.000	18.457	18.457	2.000	0.000	0.000	
22.825	1000.000	1000.000	761.808	0.000	20.000	18.457	18.457	2.000	0.000	0.000	
22.850	1000.000	1000.000	830.105	0.000	20.000	18.457	18.457	2.000	0.000	0.000	
22.875	1000.000	1000.000	747.384	0.000	20.000	18.457	18.457	2.000	0.000	0.000	
22.900	1000.000	1000.000	768.049	0.000	20.000	18.457	18.457	2.000	0.000	0.000	
22.925	1000.000	1000.000	783.699	0.000	20.000	18.457	18.457	2.000	0.000	0.000	
22.950	1000.000	1000.000	753.390	0.000	20.000	18.457	18.457	2.000	0.000	0.000	
22.975	1000.000	1000.000	778.008	0.000	20.000	18.457	18.457	2.000	0.000	0.000	
23.000	1000.000	1000.000	762.971	0.000	20.000	18.457	18.457	2.000	0.000	0.000	
23.025	1000.000	1000.000	750.000	0.000	20.000	18.457	18.457	2.000	0.000	0.000	
23.050	1000.000	1000.000	749.251	0.000	20.000	18.457	18.457	2.000	0.000	0.000	
23.075	1000.000	1000.000	745.527	0.000	20.000	18.457	18.457	2.000	0.000	0.000	
23.100	1000.000	1000.000	739.645	0.000	20.000	18.457	18.457	2.000	0.000	0.000	
23.125	1000.000	1000.000	732.780	0.000	20.000	18.457	18.457	2.000	0.000	0.000	
23.150	1000.000	1000.000	727.802	0.000	20.000	18.457	18.457	2.000	0.000	0.000	
23.175	1000.000	1000.000	741.107	0.000	20.000	18.457	18.457	2.000	0.000	0.000	
23.200	1000.000	1000.000	722.195	0.000	20.000	18.457	18.457	2.000	0.000	0.000	
23.225	1000.000	1000.000	710.900	0.000	20.000	18.457	18.457	2.000	0.000	0.000	
23.250	1000.000	1000.000	724.638	0.000	20.000	18.457	18.457	2.000	0.000	0.000	
23.275	1000.000	1000.000	699.301	0.000	20.000	18.457	18.457	2.000	0.000	0.000	
23.300	1000.000	1000.000	699.953	0.000	20.000	18.457	18.457	2.000	0.000	0.000	
23.325	1000.000	1000.000	704.556	0.000	20.000	18.457	18.457	2.000	0.000	0.000	
23.350	1000.000	1000.000	687.128	0.000	20.000	18.457	18.457	2.000	0.000	0.000	
23.375	1000.000	1000.000	688.389	0.000	20.000	18.457	18.457	2.000	0.000	0.000	
23.400	1000.000	1000.000	677.507	0.000	20.000	18.457	18.457	2.000	0.000	0.000	
23.425	1000.000	1000.000	678.733	0.000	20.000	18.457	18.457	2.000	0.000	0.000	
23.450	1000.000	1000.000	680.581	0.000	20.000	18.457	18.457	2.000	0.000	0.000	
23.475	1000.000	1000.000	668.747	0.000	20.000	18.457	18.457	2.000	0.000	0.000	
23.500	1000.000	1000.000	664.305	0.000	20.000	18.457	18.457	2.000	0.000	0.000	
23.525	1000.000	1000.000	665.188	0.000	20.000	18.457	18.457	2.000	0.000	0.000	
23.550	1000.000	1000.000	661.959	0.000	20.000	18.457	18.457	2.000	0.000	0.000	
23.575	1000.000	1000.000	659.051	0.000	20.000	18.457	18.457	2.000	0.000	0.000	
23.600	1000.000	1000.000	657.895	0.000	20.000	18.457	18.457	2.000	0.000	0.000	
23.625	1000.000	1000.000	649.351	0.000	20.000	18.457	18.457	2.000	0.000	0.000	
23.650	1000.000	1000.000	642.398	0.000	20.000	18.457	18.457	2.000	0.000	0.000	
23.675	1000.000	1000.000	648.228	0.000	20.000	18.457	18.457	2.000	0.000	0.000	
23.700	1000.000	1000.000	640.478	0.000	20.000	18.457	18.457	2.000	0.000	0.000	
23.725	1000.000	1000.000	637.213	0.000	20.000	18.457	18.457	2.000	0.000	0.000	
23.750	1000.000	1000.000	638.570	0.000	20.000	18.457	18.457	2.000	0.000	0.000	
23.775	1000.000	1000.000	632.644	0.000	20.000	18.457	18.457	2.000	0.000	0.000	
23.800	1000.000	1000.000	628.404	0.000	20.000	18.457	18.457	2.000	0.000	0.000	
23.825	1000.000	1000.000	627.878	0.000	20.000	18.457	18.457	2.000	0.000	0.000	
23.850	1000.000	1000.000	625.521	0.000	20.000	18.457	18.457	2.000	0.000	0.000	
23.875	1000.000	1000.000	623.960	0.000	20.000	18.457	18.457	2.000	0.000	0.000	
23.900	1000.000	1000.000	616.269	0.000	20.000	18.457	18.457	2.000	0.000	0.000	
23.925	1000.000	1000.000	617.792	0.000	20.000	18.457	18.457	2.000	0.000	0.000	
23.950	1000.000	1000.000	614.754	0.000	20.000	18.457	18.457	2.000	0.000	0.000	
23.975	1000.000	1000.000	606.306	0.000	20.000	18.457	18.457	2.000	0.000	0.000	
24.000	1000.000	1000.000	607.533	0.000	20.000	18.457	18.457	2.000	0.000	0.000	
24.025	1000.000	1000.000	605.327	0.000	20.000	18.457	18.457	2.000	0.000	0.000	
24.050	1000.000	1000.000	601.202	0.000	20.000	18.457	18.457	2.000	0.000	0.000	
24.075	1000.000	1000.000	598.086	0.000	20.000	18.457	18.457	2.000	0.000	0.000	
24.100	1000.000	1000.000	597.134	0.000	20.000	18.457	18.457	2.000	0.000	0.000	
24.125	1000.000	1000.000	595.002	0.000	20.000	18.457	18.457	2.000	0.000	0.000	
24.150	1000.000	1000.000	594.766	0.000	20.000	18.457	18.457	2.000	0.000	0.000	
24.175	1000.000	1000.000	587.314	0.000	20.000	18.457	18.457	2.000	0.000	0.000	
24.200	1000.000	1000.000	585.938	0.000	20.000	18.457	18.457	2.000	0.000	0.000	
24.225	1000.000	1000.000	587.774	0.000	20.000	18.457	18.457	2.000	0.000	0.000	
24.250	1000.000	1000.000	581.170	0.000	20.000	18.457	18.457	2.000	0.000	0.000	
24.275	1000.000	1000.000	578.481	0.000	20.000	18.457	18.457	2.000	0.000	0.000	
24.300	1000.000	1000.000	578.481	0.000	20.000	18.457	18.457	2.000	0.000	0.000	
24.325	1000.000	1000.000	573.394	0.000	20.000	18.457	18.457	2.000	0.000	0.000	
24.350	1000.000	1000.000	570.994	0.000	20.000	18.457	18.457	2.000	0.000	0.000	
24.375	1000.000	1000.000	570.776	0.000	20.000	18.457	18.457	2.000	0.000	0.000	
24.400	1000.000	1000.000	567.322	0.000	20.000	18.457	18.457	2.000	0.000	0.000	
24.425	1000.000	1000.000	564.122	0.000	20.000	18.457	18.457	2.000	0.000	0.000	
24.450	1000.000	1000.000	564.759	0.000	20.000	18.457	18.457	2.000	0.000	0.000	
24.475	1000.000	1000.000	558.036	0.000	20.000	18.457	18.457	2.000	0.000	0.000	
24.500	1000.000	1000.000	558.243	0.000	20.000	18.457	18.457	2.000	0.000	0.000	
24.525	1000.000	1000.000	556.793	0.000	20.000	18.457	18.457	2.000	0.000	0.000	
24.550	1000.000	1000.000	556.380	0.000	20.000	18.457	18.457	2.000	0.000	0.000	
24.575	1000.000	1000.000	549.853	0.000	20.000	18.457	18.457	2.000	0.000	0.000	
24.600	1000.000	1000.000	547.445	0.000	20.000	18.457	18.457	2.000	0.000	0.000	
24.625	1000.000	1000.000	546.847	0.000	20.000	18.457	18.457	2.000	0.000	0.000	
24.650	1000.000	1000.000	542.103	0.000	20.000	18.457	18.457	2.000	0.000	0.000	
24.675	1000.000	1000.000	540.541	0.000	20.000	18.457	18.457	2.000	0.000	0.000	
24.700	1000.000	1000.000	542.103	0.000	20.000	18.457	18.457	2.000	0.000	0.000	
24.725	1000.000	1000.000	537.827	0.000	20.000	18.457	18.457	2.000	0.000	0.000	
24.750	1000.000	1000.000	534.569	0.000	20.000	18.457	18.457	2.000	0.000	0.000	
24.775	1000.000	1000.000	533.808	0.000	20.000	18.457	18.457	2.000	0.000	0.000	
24.800	1000.000	1000.000	530.973	0.000	20.000	18.457	18.457	2.000	0.000	0.000	
24.825	1000.000	1000.000	529.287	0.000	20.000	18.457	18.457	2.000	0.000	0.000	
24.850	1000.000	1000.000	529.474	0.000	20.000	18.457	18.457	2.000	0.000	0.000	
24.875	1000.000	1000.000	523.013	0.000	20.000	18.457	18.457	2.000	0.000	0.000	
24.900	1000.000	1000.000	523.926	0.000	20.000	18.457	18.457	2.000	0.000	0.000	
24.925	1000.000	1000.000	522.830	0.000	20.000	18.457	18.457	2.000	0.000	0.000	
24.950	1000.000	1000.000	518.672	0.000	20.000	18.457	18.457	2.000	0.000	0.000	
24.975	1000.000	1000.000	520.833	0.000	20.000	18.457	18.457	2.000	0.000	0.000	
