0.000	0.000	0.000	322.442	0.000	15.000	15.481	15.481	0.000	0.000	0.000	
0.020	0.000	0.000	323.276	0.000	15.000	15.481	15.481	0.000	0.000	0.000	
0.040	0.000	0.000	325.027	0.000	15.000	15.481	15.481	0.000	0.000	0.000	
0.060	0.000	0.000	322.997	0.000	15.000	15.481	15.481	0.000	0.000	0.000	
0.080	0.000	0.000	323.834	0.000	15.000	15.481	15.481	0.000	0.000	0.000	
0.100	0.000	0.000	323.276	0.000	15.000	15.481	15.481	0.000	0.000	0.000	
0.120	0.000	0.000	321.543	0.000	15.000	15.481	15.481	0.000	0.000	0.000	
0.140	0.000	0.000	322.650	0.000	15.000	15.481	15.481	0.000	0.000	0.000	
0.160	0.000	0.000	321.681	0.000	15.000	15.481	15.481	0.000	0.000	0.000	
0.180	0.000	0.000	322.511	0.000	15.000	15.481	15.481	0.000	0.000	0.000	
0.200	0.000	0.000	322.511	0.000	15.000	15.481	15.481	0.000	0.000	0.000	
0.220	0.000	0.000	322.581	0.000	15.000	15.481	15.481	0.000	0.000	0.000	
0.240	0.000	0.000	323.625	0.000	15.000	15.481	15.481	0.000	0.000	0.000	
0.260	0.000	0.000	323.555	0.000	15.000	15.481	15.481	0.000	0.000	0.000	
0.280	0.000	0.000	321.750	0.000	15.000	15.481	15.481	0.000	0.000	0.000	
0.300	0.000	0.000	320.718	0.000	15.000	15.481	15.481	0.000	0.000	0.000	
0.320	0.000	0.000	322.373	0.000	15.000	15.481	15.481	0.000	0.000	0.000	
0.340	0.000	0.000	322.234	0.000	15.000	15.481	15.481	0.000	0.000	0.000	
0.360	0.000	0.000	322.581	0.000	15.000	15.481	15.481	0.000	0.000	0.000	
0.380	0.000	0.000	321.819	0.000	15.000	15.481	15.481	0.000	0.000	0.000	
0.400	0.000	0.000	322.027	0.000	15.000	15.481	15.481	0.000	0.000	0.000	
0.420	0.000	0.000	320.993	0.000	15.000	15.481	15.481	0.000	0.000	0.000	
0.440	0.000	0.000	318.201	0.000	15.000	15.481	15.481	0.000	0.000	0.000	
0.460	0.000	0.000	319.217	0.000	15.000	15.481	15.481	0.000	0.000	0.000	
0.480	0.000	0.000	319.013	0.000	15.000	15.481	15.481	0.000	0.000	0.000	
0.500	0.000	0.000	319.421	0.000	15.000	15.481	15.481	0.000	0.000	0.000	
0.520	0.000	0.000	320.376	0.000	15.000	15.481	15.481	0.000	0.000	0.000	
0.540	0.000	0.000	321.612	0.000	15.000	15.481	15.481	0.000	0.000	0.000	
0.560	0.000	0.000	320.513	0.000	15.000	15.481	15.481	0.000	0.000	0.000	
0.580	0.000	0.000	320.856	0.000	15.000	15.481	15.481	0.000	0.000	0.000	
0.600	0.000	0.000	319.353	0.000	15.000	15.481	15.481	0.000	0.000	0.000	
0.620	0.000	0.000	320.718	0.000	15.000	15.481	15.481	0.000	0.000	0.000	
0.640	0.000	0.000	320.581	0.000	15.000	15.481	15.481	0.000	0.000	0.000	
0.660	0.000	0.000	319.966	0.000	15.000	15.481	15.481	0.000	0.000	0.000	
0.680	0.000	0.000	319.353	0.000	15.000	15.481	15.481	0.000	0.000	0.000	
0.700	0.000	0.000	320.513	0.000	15.000	15.481	15.481	0.000	0.000	0.000	
0.720	0.000	0.000	318.878	0.000	15.000	15.481	15.481	0.000	0.000	0.000	
0.740	0.000	0.000	321.199	0.000	15.000	15.481	15.481	0.000	0.000	0.000	
0.760	0.000	0.000	319.285	0.000	15.000	15.481	15.481	0.000	0.000	0.000	
0.780	0.000	0.000	319.966	0.000	15.000	15.481	15.481	0.000	0.000	0.000	
0.800	0.000	0.000	320.102	0.000	15.000	15.481	15.481	0.000	0.000	0.000	
0.820	0.000	0.000	319.557	0.000	15.000	15.481	15.481	0.000	0.000	0.000	
0.840	0.000	0.000	319.081	0.000	15.000	15.481	15.481	0.000	0.000	0.000	
0.860	0.000	0.000	319.829	0.000	15.000	15.481	15.481	0.000	0.000	0.000	
0.880	0.000	0.000	319.285	0.000	15.000	15.481	15.481	0.000	0.000	0.000	
0.900	0.000	0.000	320.034	0.000	15.000	15.481	15.481	0.000	0.000	0.000	
0.920	0.000	0.000	318.404	0.000	15.000	15.481	15.481	0.000	0.000	0.000	
0.940	0.000	0.000	319.829	0.000	15.000	15.481	15.481	0.000	0.000	0.000	
0.960	0.000	0.000	319.898	0.000	15.000	15.481	15.481	0.000	0.000	0.000	
0.980	0.000	0.000	319.421	0.000	15.000	15.481	15.481	0.000	0.000	0.000	
1.000	0.000	0.000	319.081	0.000	15.000	15.481	15.481	0.000	0.000	0.000	
1.020	0.000	0.000	319.557	0.000	15.000	15.481	15.481	0.000	0.000	0.000	
1.040	0.000	0.000	319.149	0.000	15.000	15.481	15.481	0.000	0.000	0.000	
1.060	0.000	0.000	318.878	0.000	15.000	15.481	15.481	0.000	0.000	0.000	
1.080	0.000	0.000	319.081	0.000	15.000	15.481	15.481	0.000	0.000	0.000	
1.100	0.000	0.000	317.393	0.000	15.000	15.481	15.481	0.000	0.000	0.000	
1.120	0.000	0.000	317.595	0.000	15.000	15.481	15.481	0.000	0.000	0.000	
1.140	0.000	0.000	318.742	0.000	15.000	15.481	15.481	0.000	0.000	0.000	
1.160	0.000	0.000	318.539	0.000	15.000	15.481	15.481	0.000	0.000	0.000	
1.180	0.000	0.000	318.607	0.000	15.000	15.481	15.481	0.000	0.000	0.000	
1.200	0.000	0.000	318.810	0.000	15.000	15.481	15.481	0.000	0.000	0.000	
1.220	0.000	0.000	319.353	0.000	15.000	15.481	15.481	0.000	0.000	0.000	
1.240	0.000	0.000	319.421	0.000	15.000	15.481	15.481	0.000	0.000	0.000	
1.260	0.000	0.000	318.810	0.000	15.000	15.481	15.481	0.000	0.000	0.000	
1.280	0.000	0.000	318.945	0.000	15.000	15.481	15.481	0.000	0.000	0.000	
1.300	0.000	0.000	319.013	0.000	15.000	15.481	15.481	0.000	0.000	0.000	
1.320	0.000	0.000	318.742	0.000	15.000	15.481	15.481	0.000	0.000	0.000	
1.340	0.000	0.000	317.326	0.000	15.000	15.481	15.481	0.000	0.000	0.000	
1.360	0.000	0.000	319.693	0.000	15.000	15.481	15.481	0.000	0.000	0.000	
1.380	0.000	0.000	320.376	0.000	15.000	15.481	15.481	0.000	0.000	0.000	
1.400	0.000	0.000	319.421	0.000	15.000	15.481	15.481	0.000	0.000	0.000	
1.420	0.000	0.000	319.898	0.000	15.000	15.481	15.481	0.000	0.000	0.000	
1.440	0.000	0.000	319.217	0.000	15.000	15.481	15.481	0.000	0.000	0.000	
1.460	0.000	0.000	318.201	0.000	15.000	15.481	15.481	0.000	0.000	0.000	
1.480	0.000	0.000	316.790	0.000	15.000	15.481	15.481	0.000	0.000	0.000	
1.500	0.000	0.000	315.989	0.000	15.000	15.481	15.481	0.000	0.000	0.000	
1.520	0.000	0.000	315.126	0.000	15.000	15.481	15.481	0.000	0.000	0.000	
1.540	0.000	0.000	317.460	0.000	15.000	15.481	15.481	0.000	0.000	0.000	
1.560	0.000	0.000	319.693	0.000	15.000	15.481	15.481	0.000	0.000	0.000	
1.580	0.000	0.000	318.945	0.000	15.000	15.481	15.481	0.000	0.000	0.000	
1.600	0.000	0.000	317.864	0.000	15.000	15.481	15.481	0.000	0.000	0.000	
1.620	0.000	0.000	317.595	0.000	15.000	15.481	15.481	0.000	0.000	0.000	
1.640	0.000	0.000	317.931	0.000	15.000	15.481	15.481	0.000	0.000	0.000	
1.660	0.000	0.000	317.460	0.000	15.000	15.481	15.481	0.000	0.000	0.000	
1.680	0.000	0.000	316.924	0.000	15.000	15.481	15.481	0.000	0.000	0.000	
1.700	0.000	0.000	314.928	0.000	15.000	15.481	15.481	0.000	0.000	0.000	
1.720	0.000	0.000	315.457	0.000	15.000	15.481	15.481	0.000	0.000	0.000	
1.740	0.000	0.000	316.322	0.000	15.000	15.481	15.481	0.000	0.000	0.000	
1.760	0.000	0.000	316.056	0.000	15.000	15.481	15.481	0.000	0.000	0.000	
1.780	0.000	0.000	315.590	0.000	15.000	15.481	15.481	0.000	0.000	0.000	
1.800	0.000	0.000	314.928	0.000	15.000	15.481	15.481	0.000	0.000	0.000	
1.820	0.000	0.000	315.789	0.000	15.000	15.481	15.481	0.000	0.000	0.000	
1.840	0.000	0.000	316.723	0.000	15.000	15.481	15.481	0.000	0.000	0.000	
1.860	0.000	0.000	315.457	0.000	15.000	15.481	15.481	0.000	0.000	0.000	
1.880	0.000	0.000	316.256	0.000	15.000	15.481	15.481	0.000	0.000	0.000	
1.900	0.000	0.000	315.524	0.000	15.000	15.481	15.481	0.000	0.000	0.000	
1.920	0.000	0.000	317.662	0.000	15.000	15.481	15.481	0.000	0.000	0.000	
1.940	0.000	0.000	318.810	0.000	15.000	15.481	15.481	0.000	0.000	0.000	
1.960	0.000	0.000	317.460	0.000	15.000	15.481	15.481	0.000	0.000	0.000	
1.980	0.000	0.000	316.322	0.000	15.000	15.481	15.481	0.000	0.000	0.000	
2.000	0.000	0.000	315.657	0.000	15.000	15.481	15.481	0.000	0.000	0.000	
2.020	0.000	0.000	315.723	0.000	15.000	15.481	15.481	0.000	0.000	0.000	
2.040	0.000	0.000	315.856	0.000	15.000	15.481	15.481	0.000	0.000	0.000	
2.060	0.000	0.000	314.531	0.000	15.000	15.481	15.481	0.000	0.000	0.000	
2.080	0.000	0.000	314.070	0.000	15.000	15.481	15.481	0.000	0.000	0.000	
2.100	0.000	0.000	312.891	0.000	15.000	15.481	15.481	0.000	0.000	0.000	
2.120	0.000	0.000	314.268	0.000	15.000	15.481	15.481	0.000	0.000	0.000	
2.140	0.000	0.000	315.922	0.000	15.000	15.481	15.481	0.000	0.000	0.000	
2.160	0.000	0.000	316.991	0.000	15.000	15.481	15.481	0.000	0.000	0.000	
2.180	0.000	0.000	317.058	0.000	15.000	15.481	15.481	0.000	0.000	0.000	
2.200	0.000	0.000	317.192	0.000	15.000	15.481	15.481	0.000	0.000	0.000	
2.220	0.000	0.000	315.856	0.000	15.000	15.481	15.481	0.000	0.000	0.000	
2.240	0.000	0.000	315.391	0.000	15.000	15.481	15.481	0.000	0.000	0.000	
2.260	0.000	0.000	312.630	0.000	15.000	15.481	15.481	0.000	0.000	0.000	
2.280	0.000	0.000	312.370	0.000	15.000	15.481	15.481	0.000	0.000	0.000	
2.300	0.000	0.000	311.850	0.000	15.000	15.481	15.481	0.000	0.000	0.000	
2.320	0.000	0.000	313.022	0.000	15.000	15.481	15.481	0.000	0.000	0.000	
2.340	0.000	0.000	315.922	0.000	15.000	15.481	15.481	0.000	0.000	0.000	
2.360	0.000	0.000	317.259	0.000	15.000	15.481	15.481	0.000	0.000	0.000	
2.380	0.000	0.000	317.460	0.000	15.000	15.481	15.481	0.000	0.000	0.000	
2.400	0.000	0.000	316.389	0.000	15.000	15.481	15.481	0.000	0.000	0.000	
2.420	0.000	0.000	316.322	0.000	15.000	15.481	15.481	0.000	0.000	0.000	
2.440	0.000	0.000	314.465	0.000	15.000	15.481	15.481	0.000	0.000	0.000	
2.460	0.000	0.000	314.663	0.000	15.000	15.481	15.481	0.000	0.000	0.000	
2.480	0.000	0.000	314.136	0.000	15.000	15.481	15.481	0.000	0.000	0.000	
2.500	0.000	0.000	314.202	0.000	15.000	15.481	15.481	0.000	0.000	0.000	
2.520	0.000	0.000	313.349	0.000	15.000	15.481	15.481	0.000	0.000	0.000	
2.540	0.000	0.000	316.322	0.000	15.000	15.481	15.481	0.000	0.000	0.000	
2.560	0.000	0.000	316.991	0.000	15.000	15.481	15.481	0.000	0.000	0.000	
2.580	0.000	0.000	315.856	0.000	15.000	15.481	15.481	0.000	0.000	0.000	
2.600	0.000	0.000	315.524	0.000	15.000	15.481	15.481	0.000	0.000	0.000	
2.620	0.000	0.000	313.742	0.000	15.000	15.481	15.481	0.000	0.000	0.000	
2.640	0.000	0.000	313.873	0.000	15.000	15.481	15.481	0.000	0.000	0.000	
2.660	0.000	0.000	314.663	0.000	15.000	15.481	15.481	0.000	0.000	0.000	
2.680	0.000	0.000	315.856	0.000	15.000	15.481	15.481	0.000	0.000	0.000	
2.700	0.000	0.000	315.524	0.000	15.000	15.481	15.481	0.000	0.000	0.000	
2.720	0.000	0.000	315.259	0.000	15.000	15.481	15.481	0.000	0.000	0.000	
2.740	0.000	0.000	314.663	0.000	15.000	15.481	15.481	0.000	0.000	0.000	
2.760	0.000	0.000	314.202	0.000	15.000	15.481	15.481	0.000	0.000	0.000	
2.780	0.000	0.000	314.400	0.000	15.000	15.481	15.481	0.000	0.000	0.000	
2.800	0.000	0.000	312.695	0.000	15.000	15.481	15.481	0.000	0.000	0.000	
2.820	0.000	0.000	314.268	0.000	45.000	49.299	49.299	0.000	0.000	0.000	
2.840	0.000	0.000	316.924	0.000	45.000	49.299	49.299	0.000	0.000	0.000	
2.860	0.000	0.000	324.324	0.000	45.000	49.299	49.299	0.000	0.000	0.000	
2.880	0.000	0.000	329.308	0.000	45.000	49.299	49.299	0.000	0.000	0.000	
2.900	0.000	0.000	334.150	0.000	45.000	49.299	49.299	0.000	0.000	0.000	
2.920	0.000	0.000	342.700	0.000	45.000	49.299	49.299	0.000	0.000	0.000	
2.940	0.000	0.000	348.837	0.000	45.000	49.299	49.299	0.000	0.000	0.000	
2.960	0.000	0.000	351.041	0.000	45.000	49.299	49.299	0.000	0.000	0.000	
2.980	0.000	0.000	355.450	0.000	45.000	49.299	49.299	0.000	0.000	0.000	
3.000	0.000	0.000	359.454	0.000	45.000	49.299	49.299	0.000	0.000	0.000	
3.020	0.000	0.000	362.056	0.000	45.000	49.299	49.299	0.000	0.000	0.000	
3.040	0.000	0.000	364.078	0.000	45.000	49.299	49.299	0.000	0.000	0.000	
3.060	0.000	0.000	375.940	0.000	45.000	49.299	49.299	0.000	0.000	0.000	
3.080	0.000	0.000	379.555	0.000	45.000	49.299	49.299	0.000	0.000	0.000	
3.100	0.000	0.000	383.142	0.000	45.000	49.299	49.299	0.000	0.000	0.000	
3.120	0.000	0.000	386.698	0.000	45.000	49.299	49.299	0.000	0.000	0.000	
3.140	0.000	0.000	391.952	0.000	45.000	49.299	49.299	0.000	0.000	0.000	
3.160	0.000	0.000	396.301	0.000	45.000	49.299	49.299	0.000	0.000	0.000	
3.180	0.000	0.000	396.092	0.000	45.000	49.299	49.299	0.000	0.000	0.000	
3.200	0.000	0.000	397.246	0.000	45.000	49.299	49.299	0.000	0.000	0.000	
3.220	0.000	0.000	415.973	0.000	45.000	49.299	49.299	0.000	0.000	0.000	
3.240	0.000	0.000	413.679	0.000	45.000	49.299	49.299	0.000	0.000	0.000	
3.260	0.000	0.000	404.095	0.000	45.000	49.299	49.299	0.000	0.000	0.000	
3.280	0.000	0.000	398.195	0.000	45.000	49.299	49.299	0.000	0.000	0.000	
3.300	0.000	0.000	396.616	0.000	45.000	49.299	49.299	0.000	0.000	0.000	
3.320	0.000	0.000	408.719	0.000	45.000	49.299	49.299	0.000	0.000	0.000	
3.340	0.000	0.000	423.609	0.000	45.000	49.299	49.299	0.000	0.000	0.000	
3.360	0.000	0.000	427.960	0.000	45.000	49.299	49.299	0.000	0.000	0.000	
3.380	0.000	0.000	439.496	0.000	45.000	49.299	49.299	0.000	0.000	0.000	
3.400	0.000	0.000	443.393	0.000	45.000	49.299	49.299	0.000	0.000	0.000	
3.420	0.000	0.000	444.313	0.000	45.000	49.299	49.299	0.000	0.000	0.000	
3.440	0.000	0.000	445.500	0.000	45.000	49.299	49.299	0.000	0.000	0.000	
3.460	0.000	0.000	449.775	0.000	45.000	49.299	49.299	0.000	0.000	0.000	
3.480	0.000	0.000	453.309	0.000	45.000	49.299	49.299	0.000	0.000	0.000	
3.500	0.000	0.000	456.204	0.000	45.000	49.299	49.299	0.000	0.000	0.000	
3.520	0.000	0.000	457.317	0.000	45.000	49.299	49.299	0.000	0.000	0.000	
3.540	0.000	0.000	458.435	0.000	45.000	49.299	49.299	0.000	0.000	0.000	
3.560	0.000	0.000	457.596	0.000	45.000	49.299	49.299	0.000	0.000	0.000	
3.580	0.000	0.000	461.255	0.000	45.000	49.299	49.299	0.000	0.000	0.000	
3.600	0.000	0.000	467.290	0.000	45.000	49.299	49.299	0.000	0.000	0.000	
3.620	0.000	0.000	470.662	0.000	45.000	49.299	49.299	0.000	0.000	0.000	
3.640	0.000	0.000	473.784	0.000	45.000	49.299	49.299	0.000	0.000	0.000	
3.660	0.000	0.000	473.485	0.000	45.000	49.299	49.299	0.000	0.000	0.000	
3.680	0.000	0.000	479.386	0.000	45.000	49.299	49.299	0.000	0.000	0.000	
3.700	0.000	0.000	482.005	0.000	45.000	49.299	49.299	0.000	0.000	0.000	
3.720	0.000	0.000	480.769	0.000	45.000	49.299	49.299	0.000	0.000	0.000	
3.740	0.000	0.000	486.381	0.000	45.000	49.299	49.299	0.000	0.000	0.000	
3.760	0.000	0.000	490.036	0.000	45.000	49.299	49.299	0.000	0.000	0.000	
3.780	0.000	0.000	493.908	0.000	45.000	49.299	49.299	0.000	0.000	0.000	
3.800	0.000	0.000	491.642	0.000	45.000	49.299	49.299	0.000	0.000	0.000	
3.820	0.000	0.000	495.868	0.000	45.000	49.299	49.299	0.000	0.000	0.000	
3.840	0.000	0.000	494.886	0.000	45.000	49.299	49.299	0.000	0.000	0.000	
3.860	0.000	0.000	501.505	0.000	45.000	49.299	49.299	0.000	0.000	0.000	
3.880	0.000	0.000	506.586	0.000	45.000	49.299	49.299	0.000	0.000	0.000	
3.900	0.000	0.000	506.244	0.000	45.000	49.299	49.299	0.000	0.000	0.000	
3.920	0.000	0.000	503.525	0.000	45.000	49.299	49.299	0.000	0.000	0.000	
3.940	0.000	0.000	511.596	0.000	45.000	49.299	49.299	0.000	0.000	0.000	
3.960	0.000	0.000	513.171	0.000	45.000	49.299	49.299	0.000	0.000	0.000	
3.980	0.000	0.000	516.707	0.000	45.000	49.299	49.299	0.000	0.000	0.000	
4.000	0.000	0.000	515.641	0.000	45.000	49.299	49.299	0.000	0.000	0.000	
4.020	0.000	0.000	516.351	0.000	45.000	49.299	49.299	0.000	0.000	0.000	
4.040	0.000	0.000	516.885	0.000	45.000	49.299	49.299	0.000	0.000	0.000	
4.060	0.000	0.000	520.472	0.000	45.000	49.299	49.299	0.000	0.000	0.000	
4.080	0.000	0.000	522.830	0.000	45.000	49.299	49.299	0.000	0.000	0.000	
4.100	0.000	0.000	524.659	0.000	45.000	49.299	49.299	0.000	0.000	0.000	
4.120	0.000	0.000	530.973	0.000	45.000	49.299	49.299	0.000	0.000	0.000	
4.140	0.000	0.000	533.808	0.000	45.000	49.299	49.299	0.000	0.000	0.000	
4.160	0.000	0.000	531.161	0.000	45.000	49.299	49.299	0.000	0.000	0.000	
4.180	0.000	0.000	527.983	0.000	45.000	49.299	49.299	0.000	0.000	0.000	
4.200	0.000	0.000	528.541	0.000	45.000	49.299	49.299	0.000	0.000	0.000	
4.220	0.000	0.000	533.239	0.000	45.000	49.299	49.299	0.000	0.000	0.000	
4.240	0.000	0.000	536.865	0.000	45.000	49.299	49.299	0.000	0.000	0.000	
4.260	0.000	0.000	543.675	0.000	45.000	49.299	49.299	0.000	0.000	0.000	
4.280	0.000	0.000	546.249	0.000	45.000	49.299	49.299	0.000	0.000	0.000	
4.300	0.000	0.000	546.050	0.000	45.000	49.299	49.299	0.000	0.000	0.000	
4.320	0.000	0.000	547.645	0.000	45.000	49.299	49.299	0.000	0.000	0.000	
4.340	0.000	0.000	549.249	0.000	45.000	49.299	49.299	0.000	0.000	0.000	
4.360	0.000	0.000	553.301	0.000	45.000	49.299	49.299	0.000	0.000	0.000	
4.380	0.000	0.000	552.690	0.000	45.000	49.299	49.299	0.000	0.000	0.000	
4.400	0.000	0.000	554.324	0.000	45.000	49.299	49.299	0.000	0.000	0.000	
4.420	0.000	0.000	554.529	0.000	45.000	49.299	49.299	0.000	0.000	0.000	
4.440	0.000	0.000	552.690	0.000	45.000	49.299	49.299	0.000	0.000	0.000	
4.460	0.000	0.000	555.556	0.000	45.000	49.299	49.299	0.000	0.000	0.000	
4.480	0.000	0.000	557.414	0.000	45.000	49.299	49.299	0.000	0.000	0.000	
4.500	0.000	0.000	555.967	0.000	45.000	49.299	49.299	0.000	0.000	0.000	
4.520	0.000	0.000	559.702	0.000	45.000	49.299	49.299	0.000	0.000	0.000	
4.540	0.000	0.000	564.334	0.000	45.000	49.299	49.299	0.000	0.000	0.000	
4.560	0.000	0.000	570.342	0.000	45.000	49.299	49.299	0.000	0.000	0.000	
4.580	0.000	0.000	568.613	0.000	45.000	49.299	49.299	0.000	0.000	0.000	
4.600	0.000	0.000	572.519	0.000	45.000	49.299	49.299	0.000	0.000	0.000	
4.620	0.000	0.000	570.125	0.000	45.000	49.299	49.299	0.000	0.000	0.000	
4.640	0.000	0.000	568.397	0.000	45.000	49.299	49.299	0.000	0.000	0.000	
4.660	0.000	0.000	572.738	0.000	45.000	49.299	49.299	0.000	0.000	0.000	
4.680	0.000	0.000	571.864	0.000	45.000	49.299	49.299	0.000	0.000	0.000	
4.700	0.000	0.000	581.621	0.000	45.000	49.299	49.299	0.000	0.000	0.000	
4.720	0.000	0.000	578.035	0.000	45.000	49.299	49.299	0.000	0.000	0.000	
4.740	0.000	0.000	573.833	0.000	45.000	49.299	49.299	0.000	0.000	0.000	
4.760	0.000	0.000	577.145	0.000	45.000	49.299	49.299	0.000	0.000	0.000	
4.780	0.000	0.000	580.945	0.000	45.000	49.299	49.299	0.000	0.000	0.000	
4.800	0.000	0.000	581.170	0.000	45.000	49.299	49.299	0.000	0.000	0.000	
4.820	0.000	0.000	580.945	0.000	45.000	49.299	49.299	0.000	0.000	0.000	
4.840	0.000	0.000	585.709	0.000	45.000	49.299	49.299	0.000	0.000	0.000	
4.860	0.000	0.000	587.314	0.000	45.000	49.299	49.299	0.000	0.000	0.000	
4.880	0.000	0.000	589.391	0.000	45.000	49.299	49.299	0.000	0.000	0.000	
4.900	0.000	0.000	591.716	0.000	45.000	49.299	49.299	0.000	0.000	0.000	
4.920	0.000	0.000	595.474	0.000	45.000	49.299	49.299	0.000	0.000	0.000	
4.940	0.000	0.000	597.848	0.000	45.000	49.299	49.299	0.000	0.000	0.000	
4.960	0.000	0.000	595.948	0.000	45.000	49.299	49.299	0.000	0.000	0.000	
4.980	0.000	0.000	591.716	0.000	45.000	49.299	49.299	0.000	0.000	0.000	
5.000	0.000	0.000	591.250	0.000	45.000	49.299	49.299	0.000	0.000	0.000	
5.020	0.000	0.000	591.250	0.000	45.000	49.299	49.299	0.000	0.000	0.000	
5.040	0.000	0.000	592.885	0.000	45.000	49.299	49.299	0.000	0.000	0.000	
5.060	0.000	0.000	595.238	0.000	45.000	49.299	49.299	0.000	0.000	0.000	
5.080	0.000	0.000	598.563	0.000	45.000	49.299	49.299	0.000	0.000	0.000	
5.100	0.000	0.000	601.926	0.000	45.000	49.299	49.299	0.000	0.000	0.000	
5.120	0.000	0.000	598.563	0.000	45.000	49.299	49.299	0.000	0.000	0.000	
5.140	0.000	0.000	597.610	0.000	45.000	49.299	49.299	0.000	0.000	0.000	
5.160	0.000	0.000	601.685	0.000	45.000	49.299	49.299	0.000	0.000	0.000	
5.180	0.000	0.000	605.083	0.000	45.000	49.299	49.299	0.000	0.000	0.000	
5.200	0.000	0.000	604.839	0.000	45.000	49.299	49.299	0.000	0.000	0.000	
5.220	0.000	0.000	604.595	0.000	45.000	49.299	49.299	0.000	0.000	0.000	
5.240	0.000	0.000	603.622	0.000	45.000	49.299	49.299	0.000	0.000	0.000	
5.260	0.000	0.000	604.351	0.000	45.000	49.299	49.299	0.000	0.000	0.000	
5.280	0.000	0.000	606.061	0.000	45.000	49.299	49.299	0.000	0.000	0.000	
5.300	0.000	0.000	606.551	0.000	45.000	49.299	49.299	0.000	0.000	0.000	
5.320	0.000	0.000	610.252	0.000	45.000	49.299	49.299	0.000	0.000	0.000	
5.340	0.000	0.000	611.746	0.000	45.000	49.299	49.299	0.000	0.000	0.000	
5.360	0.000	0.000	610.998	0.000	45.000	49.299	49.299	0.000	0.000	0.000	
5.380	0.000	0.000	610.749	0.000	45.000	49.299	49.299	0.000	0.000	0.000	
5.400	0.000	0.000	610.501	0.000	45.000	49.299	49.299	0.000	0.000	0.000	
5.420	0.000	0.000	613.748	0.000	45.000	49.299	49.299	0.000	0.000	0.000	
5.440	0.000	0.000	616.016	0.000	45.000	49.299	49.299	0.000	0.000	0.000	
5.460	0.000	0.000	624.220	0.000	45.000	49.299	49.299	0.000	0.000	0.000	
5.480	0.000	0.000	627.353	0.000	45.000	49.299	49.299	0.000	0.000	0.000	
5.500	0.000	0.000	624.480	0.000	45.000	49.299	49.299	0.000	0.000	0.000	
5.520	0.000	0.000	617.284	0.000	45.000	49.299	49.299	0.000	0.000	0.000	
5.540	0.000	0.000	620.861	0.000	45.000	49.299	49.299	0.000	0.000	0.000	
5.560	0.000	0.000	621.891	0.000	45.000	49.299	49.299	0.000	0.000	0.000	
5.580	0.000	0.000	620.347	0.000	45.000	49.299	49.299	0.000	0.000	0.000	
5.600	0.000	0.000	622.407	0.000	45.000	49.299	49.299	0.000	0.000	0.000	
5.620	0.000	0.000	624.480	0.000	45.000	49.299	49.299	0.000	0.000	0.000	
5.640	0.000	0.000	623.182	0.000	45.000	49.299	49.299	0.000	0.000	0.000	
5.660	0.000	0.000	623.182	0.000	45.000	49.299	49.299	0.000	0.000	0.000	
5.680	0.000	0.000	626.043	0.000	45.000	49.299	49.299	0.000	0.000	0.000	
5.700	0.000	0.000	633.714	0.000	45.000	49.299	49.299	0.000	0.000	0.000	
5.720	0.000	0.000	623.441	0.000	45.000	49.299	49.299	0.000	0.000	0.000	
5.740	0.000	0.000	629.723	0.000	45.000	49.299	49.299	0.000	0.000	0.000	
5.760	0.000	0.000	631.048	0.000	45.000	49.299	49.299	0.000	0.000	0.000	
5.780	0.000	0.000	631.048	0.000	45.000	49.299	49.299	0.000	0.000	0.000	
5.800	0.000	0.000	632.644	0.000	45.000	49.299	49.299	0.000	0.000	0.000	
5.820	0.000	0.000	630.517	0.000	45.000	49.299	49.299	0.000	0.000	0.000	
5.840	0.000	0.000	633.446	0.000	45.000	49.299	49.299	0.000	0.000	0.000	
5.860	0.000	0.000	636.402	0.000	45.000	49.299	49.299	0.000	0.000	0.000	
5.880	0.000	0.000	632.644	0.000	45.000	49.299	49.299	0.000	0.000	0.000	
5.900	0.000	0.000	638.298	0.000	45.000	49.299	49.299	0.000	0.000	0.000	
5.920	0.000	0.000	634.518	0.000	45.000	49.299	49.299	0.000	0.000	0.000	
5.940	0.000	0.000	638.298	0.000	45.000	49.299	49.299	0.000	0.000	0.000	
5.960	0.000	0.000	638.570	0.000	45.000	49.299	49.299	0.000	0.000	0.000	
5.980	0.000	0.000	639.386	0.000	45.000	49.299	49.299	0.000	0.000	0.000	
6.000	0.000	0.000	640.205	0.000	45.000	49.299	49.299	0.000	0.000	0.000	
6.020	0.000	0.000	637.213	0.000	45.000	49.299	49.299	0.000	0.000	0.000	
6.040	0.000	0.000	639.932	0.000	45.000	49.299	49.299	0.000	0.000	0.000	
6.060	0.000	0.000	639.114	0.000	45.000	49.299	49.299	0.000	0.000	0.000	
6.080	0.000	0.000	642.398	0.000	45.000	49.299	49.299	0.000	0.000	0.000	
6.100	0.000	0.000	640.752	0.000	45.000	49.299	49.299	0.000	0.000	0.000	
6.120	0.000	0.000	641.026	0.000	45.000	49.299	49.299	0.000	0.000	0.000	
6.140	0.000	0.000	645.995	0.000	45.000	49.299	49.299	0.000	0.000	0.000	
6.160	0.000	0.000	646.831	0.000	45.000	49.299	49.299	0.000	0.000	0.000	
6.180	0.000	0.000	645.717	0.000	45.000	49.299	49.299	0.000	0.000	0.000	
6.200	0.000	0.000	638.842	0.000	45.000	49.299	49.299	0.000	0.000	0.000	
6.220	0.000	0.000	645.439	0.000	45.000	49.299	49.299	0.000	0.000	0.000	
6.240	0.000	0.000	647.668	0.000	45.000	49.299	49.299	0.000	0.000	0.000	
6.260	0.000	0.000	651.607	0.000	45.000	49.299	49.299	0.000	0.000	0.000	
6.280	0.000	0.000	649.913	0.000	45.000	49.299	49.299	0.000	0.000	0.000	
6.300	0.000	0.000	652.742	0.000	45.000	49.299	49.299	0.000	0.000	0.000	
6.320	0.000	0.000	651.324	0.000	45.000	49.299	49.299	0.000	0.000	0.000	
6.340	0.000	0.000	646.831	0.000	45.000	49.299	49.299	0.000	0.000	0.000	
6.360	0.000	0.000	649.351	0.000	45.000	49.299	49.299	0.000	0.000	0.000	
6.380	0.000	0.000	642.674	0.000	45.000	49.299	49.299	0.000	0.000	0.000	
6.400	0.000	0.000	640.205	0.000	45.000	49.299	49.299	0.000	0.000	0.000	
6.420	0.000	0.000	647.948	0.000	45.000	49.299	49.299	0.000	0.000	0.000	
6.440	0.000	0.000	649.070	0.000	45.000	49.299	49.299	0.000	0.000	0.000	
6.460	0.000	0.000	657.606	0.000	45.000	49.299	49.299	0.000	0.000	0.000	
6.480	0.000	0.000	659.921	0.000	45.000	49.299	49.299	0.000	0.000	0.000	
6.500	0.000	0.000	658.472	0.000	45.000	49.299	49.299	0.000	0.000	0.000	
6.520	0.000	0.000	661.084	0.000	45.000	49.299	49.299	0.000	0.000	0.000	
6.540	0.000	0.000	660.793	0.000	45.000	49.299	49.299	0.000	0.000	0.000	
6.560	0.000	0.000	655.594	0.000	45.000	49.299	49.299	0.000	0.000	0.000	
6.580	0.000	0.000	649.351	0.000	45.000	49.299	49.299	0.000	0.000	0.000	
6.600	0.000	0.000	658.762	0.000	45.000	49.299	49.299	0.000	0.000	0.000	
6.620	0.000	0.000	655.308	0.000	45.000	49.299	49.299	0.000	0.000	0.000	
6.640	0.000	0.000	653.026	0.000	45.000	49.299	49.299	0.000	0.000	0.000	
6.660	0.000	0.000	659.631	0.000	45.000	49.299	49.299	0.000	0.000	0.000	
6.680	0.000	0.000	659.921	0.000	45.000	49.299	49.299	0.000	0.000	0.000	
6.700	0.000	0.000	660.793	0.000	45.000	49.299	49.299	0.000	0.000	0.000	
6.720	0.000	0.000	659.631	0.000	45.000	49.299	49.299	0.000	0.000	0.000	
6.740	0.000	0.000	662.837	0.000	45.000	49.299	49.299	0.000	0.000	0.000	
6.760	0.000	0.000	658.183	0.000	45.000	49.299	49.299	0.000	0.000	0.000	
6.780	0.000	0.000	658.472	0.000	45.000	49.299	49.299	0.000	0.000	0.000	
6.800	0.000	0.000	659.051	0.000	45.000	49.299	49.299	0.000	0.000	0.000	
6.820	0.000	0.000	664.599	0.000	45.000	49.299	49.299	0.000	0.000	0.000	
6.840	0.000	0.000	663.130	0.000	45.000	49.299	49.299	0.000	0.000	0.000	
6.860	0.000	0.000	662.252	0.000	45.000	49.299	49.299	0.000	0.000	0.000	
6.880	0.000	0.000	659.631	0.000	45.000	49.299	49.299	0.000	0.000	0.000	
6.900	0.000	0.000	664.011	0.000	45.000	49.299	49.299	0.000	0.000	0.000	
6.920	0.000	0.000	666.963	0.000	45.000	49.299	49.299	0.000	0.000	0.000	
6.940	0.000	0.000	666.075	0.000	45.000	49.299	49.299	0.000	0.000	0.000	
6.960	0.000	0.000	665.188	0.000	45.000	49.299	49.299	0.000	0.000	0.000	
6.980	0.000	0.000	661.084	0.000	45.000	49.299	49.299	0.000	0.000	0.000	
7.000	0.000	0.000	664.011	0.000	45.000	49.299	49.299	0.000	0.000	0.000	
7.020	0.000	0.000	665.484	0.000	45.000	49.299	49.299	0.000	0.000	0.000	
7.040	0.000	0.000	667.854	0.000	45.000	49.299	49.299	0.000	0.000	0.000	
7.060	0.000	0.000	666.371	0.000	45.000	49.299	49.299	0.000	0.000	0.000	
7.080	0.000	0.000	665.779	0.000	45.000	49.299	49.299	0.000	0.000	0.000	
7.100	0.000	0.000	668.747	0.000	45.000	49.299	49.299	0.000	0.000	0.000	
7.120	0.000	0.000	664.011	0.000	45.000	49.299	49.299	0.000	0.000	0.000	
7.140	0.000	0.000	664.599	0.000	45.000	49.299	49.299	0.000	0.000	0.000	
7.160	0.000	0.000	669.344	0.000	45.000	49.299	49.299	0.000	0.000	0.000	
7.180	0.000	0.000	667.260	0.000	45.000	49.299	49.299	0.000	0.000	0.000	
7.200	0.000	0.000	669.344	0.000	45.000	49.299	49.299	0.000	0.000	0.000	
7.220	0.000	0.000	669.344	0.000	45.000	49.299	49.299	0.000	0.000	0.000	
7.240	0.000	0.000	663.130	0.000	45.000	49.299	49.299	0.000	0.000	0.000	
7.260	0.000	0.000	667.260	0.000	45.000	49.299	49.299	0.000	0.000	0.000	
7.280	0.000	0.000	666.667	0.000	45.000	49.299	49.299	0.000	0.000	0.000	
7.300	0.000	0.000	665.484	0.000	45.000	49.299	49.299	0.000	0.000	0.000	
7.320	0.000	0.000	670.241	0.000	45.000	49.299	49.299	0.000	0.000	0.000	
7.340	0.000	0.000	674.460	0.000	45.000	49.299	49.299	0.000	0.000	0.000	
7.360	0.000	0.000	672.646	0.000	45.000	49.299	49.299	0.000	0.000	0.000	
7.380	0.000	0.000	672.646	0.000	45.000	49.299	49.299	0.000	0.000	0.000	
7.400	0.000	0.000	672.344	0.000	45.000	49.299	49.299	0.000	0.000	0.000	
7.420	0.000	0.000	669.344	0.000	45.000	49.299	49.299	0.000	0.000	0.000	
7.440	0.000	0.000	668.151	0.000	45.000	49.299	49.299	0.000	0.000	0.000	
7.460	0.000	0.000	669.045	0.000	45.000	49.299	49.299	0.000	0.000	0.000	
7.480	0.000	0.000	669.045	0.000	45.000	49.299	49.299	0.000	0.000	0.000	
7.500	0.000	0.000	667.260	0.000	45.000	49.299	49.299	0.000	0.000	0.000	
7.520	0.000	0.000	672.344	0.000	45.000	49.299	49.299	0.000	0.000	0.000	
7.540	0.000	0.000	679.656	0.000	45.000	49.299	49.299	0.000	0.000	0.000	
7.560	0.000	0.000	675.676	0.000	45.000	49.299	49.299	0.000	0.000	0.000	
7.580	0.000	0.000	671.141	0.000	45.000	49.299	49.299	0.000	0.000	0.000	
7.600	0.000	0.000	675.371	0.000	45.000	49.299	49.299	0.000	0.000	0.000	
7.620	0.000	0.000	683.060	0.000	45.000	49.299	49.299	0.000	0.000	0.000	
7.640	0.000	0.000	675.371	0.000	45.000	49.299	49.299	0.000	0.000	0.000	
7.660	0.000	0.000	676.285	0.000	45.000	49.299	49.299	0.000	0.000	0.000	
7.680	0.000	0.000	674.460	0.000	45.000	49.299	49.299	0.000	0.000	0.000	
7.700	0.000	0.000	677.201	0.000	45.000	49.299	49.299	0.000	0.000	0.000	
7.720	0.000	0.000	675.371	0.000	45.000	49.299	49.299	0.000	0.000	0.000	
7.740	0.000	0.000	673.854	0.000	45.000	49.299	49.299	0.000	0.000	0.000	
7.760	0.000	0.000	676.590	0.000	45.000	49.299	49.299	0.000	0.000	0.000	
7.780	0.000	0.000	682.439	0.000	45.000	49.299	49.299	0.000	0.000	0.000	
7.800	0.000	0.000	684.619	0.000	45.000	49.299	49.299	0.000	0.000	0.000	
7.820	0.000	0.000	682.439	0.000	45.000	49.299	49.299	0.000	0.000	0.000	
7.840	0.000	0.000	675.371	0.000	45.000	49.299	49.299	0.000	0.000	0.000	
7.860	0.000	0.000	674.460	0.000	45.000	49.299	49.299	0.000	0.000	0.000	
7.880	0.000	0.000	681.818	0.000	45.000	49.299	49.299	0.000	0.000	0.000	
7.900	0.000	0.000	684.307	0.000	45.000	49.299	49.299	0.000	0.000	0.000	
7.920	0.000	0.000	684.619	0.000	45.000	49.299	49.299	0.000	0.000	0.000	
7.940	0.000	0.000	677.201	0.000	45.000	49.299	49.299	0.000	0.000	0.000	
7.960	0.000	0.000	676.895	0.000	45.000	49.299	49.299	0.000	0.000	0.000	
7.980	0.000	0.000	679.656	0.000	45.000	49.299	49.299	0.000	0.000	0.000	
8.000	0.000	0.000	682.128	0.000	45.000	49.299	49.299	0.000	0.000	0.000	
8.020	0.000	0.000	683.371	0.000	45.000	49.299	49.299	0.000	0.000	0.000	
8.040	0.000	0.000	679.348	0.000	45.000	49.299	49.299	0.000	0.000	0.000	
8.060	0.000	0.000	674.764	0.000	45.000	49.299	49.299	0.000	0.000	0.000	
8.080	0.000	0.000	673.250	0.000	45.000	49.299	49.299	0.000	0.000	0.000	
8.100	0.000	0.000	673.854	0.000	45.000	49.299	49.299	0.000	0.000	0.000	
8.120	0.000	0.000	679.348	0.000	45.000	49.299	49.299	0.000	0.000	0.000	
8.140	0.000	0.000	689.655	0.000	45.000	49.299	49.299	0.000	0.000	0.000	
8.160	0.000	0.000	689.655	0.000	45.000	49.299	49.299	0.000	0.000	0.000	
8.180	0.000	0.000	682.439	0.000	45.000	49.299	49.299	0.000	0.000	0.000	
8.200	0.000	0.000	680.581	0.000	45.000	49.299	49.299	0.000	0.000	0.000	
8.220	0.000	0.000	676.285	0.000	45.000	49.299	49.299	0.000	0.000	0.000	
8.240	0.000	0.000	673.854	0.000	45.000	49.299	49.299	0.000	0.000	0.000	
8.260	0.000	0.000	683.060	0.000	45.000	49.299	49.299	0.000	0.000	0.000	
8.280	0.000	0.000	686.185	0.000	45.000	49.299	49.299	0.000	0.000	0.000	
8.300	0.000	0.000	689.338	0.000	45.000	49.299	49.299	0.000	0.000	0.000	
8.320	0.000	0.000	694.766	0.000	45.000	49.299	49.299	0.000	0.000	0.000	
8.340	0.000	0.000	695.410	0.000	45.000	49.299	49.299	0.000	0.000	0.000	
8.360	0.000	0.000	683.060	0.000	45.000	49.299	49.299	0.000	0.000	0.000	
8.380	0.000	0.000	678.733	0.000	45.000	49.299	49.299	0.000	0.000	0.000	
8.400	0.000	0.000	674.764	0.000	45.000	49.299	49.299	0.000	0.000	0.000	
8.420	0.000	0.000	672.043	0.000	45.000	49.299	49.299	0.000	0.000	0.000	
8.440	0.000	0.000	673.552	0.000	45.000	49.299	49.299	0.000	0.000	0.000	
8.460	0.000	0.000	679.656	0.000	45.000	49.299	49.299	0.000	0.000	0.000	
8.480	0.000	0.000	685.558	0.000	45.000	49.299	49.299	0.000	0.000	0.000	
8.500	0.000	0.000	692.841	0.000	45.000	49.299	49.299	0.000	0.000	0.000	
8.520	0.000	0.000	700.280	0.000	45.000	49.299	49.299	0.000	0.000	0.000	
8.540	0.000	0.000	701.262	0.000	45.000	49.299	49.299	0.000	0.000	0.000	
8.560	0.000	0.000	696.379	0.000	45.000	49.299	49.299	0.000	0.000	0.000	
8.580	0.000	0.000	693.802	0.000	45.000	49.299	49.299	0.000	0.000	0.000	
8.600	0.000	0.000	690.608	0.000	45.000	49.299	49.299	0.000	0.000	0.000	
8.620	0.000	0.000	684.307	0.000	45.000	49.299	49.299	0.000	0.000	0.000	
8.640	0.000	0.000	683.060	0.000	45.000	49.299	49.299	0.000	0.000	0.000	
8.660	0.000	0.000	679.964	0.000	45.000	49.299	49.299	0.000	0.000	0.000	
8.680	0.000	0.000	679.656	0.000	45.000	49.299	49.299	0.000	0.000	0.000	
8.700	0.000	0.000	679.656	0.000	45.000	49.299	49.299	0.000	0.000	0.000	
8.720	0.000	0.000	675.068	0.000	45.000	49.299	49.299	0.000	0.000	0.000	
8.740	0.000	0.000	679.040	0.000	45.000	49.299	49.299	0.000	0.000	0.000	
8.760	0.000	0.000	683.371	0.000	45.000	49.299	49.299	0.000	0.000	0.000	
8.780	0.000	0.000	683.060	0.000	45.000	49.299	49.299	0.000	0.000	0.000	
8.800	0.000	0.000	687.128	0.000	45.000	49.299	49.299	0.000	0.000	0.000	
8.820	0.000	0.000	685.558	0.000	45.000	49.299	49.299	0.000	0.000	0.000	
8.840	0.000	0.000	684.307	0.000	45.000	49.299	49.299	0.000	0.000	0.000	
8.860	0.000	0.000	685.871	0.000	45.000	49.299	49.299	0.000	0.000	0.000	
8.880	0.000	0.000	688.073	0.000	45.000	49.299	49.299	0.000	0.000	0.000	
8.900	0.000	0.000	692.201	0.000	45.000	49.299	49.299	0.000	0.000	0.000	
8.920	0.000	0.000	690.608	0.000	45.000	49.299	49.299	0.000	0.000	0.000	
8.940	0.000	0.000	690.608	0.000	45.000	49.299	49.299	0.000	0.000	0.000	
8.960	0.000	0.000	687.128	0.000	45.000	49.299	49.299	0.000	0.000	0.000	
8.980	0.000	0.000	685.244	0.000	45.000	49.299	49.299	0.000	0.000	0.000	
9.000	0.000	0.000	685.558	0.000	45.000	49.299	49.299	0.000	0.000	0.000	
9.020	0.000	0.000	689.022	0.000	45.000	49.299	49.299	0.000	0.000	0.000	
9.040	0.000	0.000	691.882	0.000	45.000	49.299	49.299	0.000	0.000	0.000	
9.060	0.000	0.000	690.290	0.000	45.000	49.299	49.299	0.000	0.000	0.000	
9.080	0.000	0.000	684.932	0.000	45.000	49.299	49.299	0.000	0.000	0.000	
9.100	0.000	0.000	687.128	0.000	45.000	49.299	49.299	0.000	0.000	0.000	
9.120	0.000	0.000	690.608	0.000	45.000	49.299	49.299	0.000	0.000	0.000	
9.140	0.000	0.000	689.972	0.000	45.000	49.299	49.299	0.000	0.000	0.000	
9.160	0.000	0.000	692.521	0.000	45.000	49.299	49.299	0.000	0.000	0.000	
9.180	0.000	0.000	688.389	0.000	45.000	49.299	49.299	0.000	0.000	0.000	
9.200	0.000	0.000	689.338	0.000	45.000	49.299	49.299	0.000	0.000	0.000	
9.220	0.000	0.000	689.972	0.000	45.000	49.299	49.299	0.000	0.000	0.000	
9.240	0.000	0.000	694.766	0.000	45.000	49.299	49.299	0.000	0.000	0.000	
9.260	0.000	0.000	692.201	0.000	45.000	49.299	49.299	0.000	0.000	0.000	
9.280	0.000	0.000	687.443	0.000	45.000	49.299	49.299	0.000	0.000	0.000	
9.300	0.000	0.000	687.443	0.000	45.000	49.299	49.299	0.000	0.000	0.000	
9.320	0.000	0.000	685.558	0.000	45.000	49.299	49.299	0.000	0.000	0.000	
9.340	0.000	0.000	688.705	0.000	45.000	49.299	49.299	0.000	0.000	0.000	
9.360	0.000	0.000	695.410	0.000	45.000	49.299	49.299	0.000	0.000	0.000	
9.380	0.000	0.000	697.999	0.000	45.000	49.299	49.299	0.000	0.000	0.000	
9.400	0.000	0.000	692.841	0.000	45.000	49.299	49.299	0.000	0.000	0.000	
9.420	0.000	0.000	694.766	0.000	45.000	49.299	49.299	0.000	0.000	0.000	
9.440	0.000	0.000	699.953	0.000	45.000	49.299	49.299	0.000	0.000	0.000	
9.460	0.000	0.000	702.247	0.000	45.000	49.299	49.299	0.000	0.000	0.000	
9.480	0.000	0.000	701.262	0.000	45.000	49.299	49.299	0.000	0.000	0.000	
9.500	0.000	0.000	693.161	0.000	45.000	49.299	49.299	0.000	0.000	0.000	
9.520	0.000	0.000	690.926	0.000	45.000	49.299	49.299	0.000	0.000	0.000	
9.540	0.000	0.000	691.244	0.000	45.000	49.299	49.299	0.000	0.000	0.000	
9.560	0.000	0.000	691.244	0.000	45.000	49.299	49.299	0.000	0.000	0.000	
9.580	0.000	0.000	687.128	0.000	45.000	49.299	49.299	0.000	0.000	0.000	
9.600	0.000	0.000	691.882	0.000	45.000	49.299	49.299	0.000	0.000	0.000	
9.620	0.000	0.000	694.444	0.000	45.000	49.299	49.299	0.000	0.000	0.000	
9.640	0.000	0.000	697.026	0.000	45.000	49.299	49.299	0.000	0.000	0.000	
9.660	0.000	0.000	695.410	0.000	45.000	49.299	49.299	0.000	0.000	0.000	
9.680	0.000	0.000	693.802	0.000	45.000	49.299	49.299	0.000	0.000	0.000	
9.700	0.000	0.000	699.953	0.000	45.000	49.299	49.299	0.000	0.000	0.000	
9.720	0.000	0.000	703.235	0.000	45.000	49.299	49.299	0.000	0.000	0.000	
9.740	0.000	0.000	701.590	0.000	45.000	49.299	49.299	0.000	0.000	0.000	
9.760	0.000	0.000	690.926	0.000	45.000	49.299	49.299	0.000	0.000	0.000	
9.780	0.000	0.000	693.161	0.000	45.000	49.299	49.299	0.000	0.000	0.000	
9.800	0.000	0.000	697.350	0.000	45.000	49.299	49.299	0.000	0.000	0.000	
9.820	0.000	0.000	697.999	0.000	45.000	49.299	49.299	0.000	0.000	0.000	
9.840	0.000	0.000	690.290	0.000	45.000	49.299	49.299	0.000	0.000	0.000	
9.860	0.000	0.000	691.563	0.000	45.000	49.299	49.299	0.000	0.000	0.000	
9.880	0.000	0.000	691.563	0.000	45.000	49.299	49.299	0.000	0.000	0.000	
9.900	0.000	0.000	694.123	0.000	45.000	49.299	49.299	0.000	0.000	0.000	
9.920	0.000	0.000	691.244	0.000	45.000	49.299	49.299	0.000	0.000	0.000	
9.940	0.000	0.000	692.521	0.000	45.000	49.299	49.299	0.000	0.000	0.000	
9.960	0.000	0.000	699.627	0.000	45.000	49.299	49.299	0.000	0.000	0.000	
9.980	0.000	0.000	702.905	0.000	45.000	49.299	49.299	0.000	0.000	0.000	
10.000	0.000	0.000	697.026	0.000	45.000	49.299	49.299	0.000	0.000	0.000	
10.020	0.000	0.000	697.674	0.000	45.000	49.299	49.299	0.000	0.000	0.000	
10.040	0.000	0.000	697.999	0.000	45.000	49.299	49.299	0.000	0.000	0.000	
10.060	0.000	0.000	697.350	0.000	45.000	49.299	49.299	0.000	0.000	0.000	
10.080	0.000	0.000	690.926	0.000	45.000	49.299	49.299	0.000	0.000	0.000	
10.100	0.000	0.000	693.161	0.000	45.000	49.299	49.299	0.000	0.000	0.000	
10.120	0.000	0.000	699.301	0.000	45.000	49.299	49.299	0.000	0.000	0.000	
10.140	0.000	0.000	701.262	0.000	45.000	49.299	49.299	0.000	0.000	0.000	
10.160	0.000	0.000	700.280	0.000	45.000	49.299	49.299	0.000	0.000	0.000	
10.180	0.000	0.000	702.576	0.000	45.000	49.299	49.299	0.000	0.000	0.000	
10.200	0.000	0.000	703.565	0.000	45.000	49.299	49.299	0.000	0.000	0.000	
10.220	0.000	0.000	697.350	0.000	45.000	49.299	49.299	0.000	0.000	0.000	
10.240	0.000	0.000	695.088	0.000	45.000	49.299	49.299	0.000	0.000	0.000	
10.260	0.000	0.000	697.674	0.000	45.000	49.299	49.299	0.000	0.000	0.000	
10.280	0.000	0.000	700.935	0.000	45.000	49.299	49.299	0.000	0.000	0.000	
10.300	0.000	0.000	697.026	0.000	45.000	49.299	49.299	0.000	0.000	0.000	
10.320	0.000	0.000	699.301	0.000	45.000	49.299	49.299	0.000	0.000	0.000	
10.340	0.000	0.000	701.590	0.000	45.000	49.299	49.299	0.000	0.000	0.000	
10.360	0.000	0.000	697.674	0.000	45.000	49.299	49.299	0.000	0.000	0.000	
10.380	0.000	0.000	691.244	0.000	45.000	49.299	49.299	0.000	0.000	0.000	
10.400	0.000	0.000	698.324	0.000	45.000	49.299	49.299	0.000	0.000	0.000	
10.420	0.000	0.000	703.895	0.000	45.000	49.299	49.299	0.000	0.000	0.000	
10.440	0.000	0.000	703.895	0.000	45.000	49.299	49.299	0.000	0.000	0.000	
10.460	0.000	0.000	697.026	0.000	45.000	49.299	49.299	0.000	0.000	0.000	
10.480	0.000	0.000	706.215	0.000	45.000	49.299	49.299	0.000	0.000	0.000	
10.500	0.000	0.000	704.887	0.000	45.000	49.299	49.299	0.000	0.000	0.000	
10.520	0.000	0.000	696.056	0.000	45.000	49.299	49.299	0.000	0.000	0.000	
10.540	0.000	0.000	694.766	0.000	45.000	49.299	49.299	0.000	0.000	0.000	
10.560	0.000	0.000	703.235	0.000	45.000	49.299	49.299	0.000	0.000	0.000	
10.580	0.000	0.000	700.280	0.000	45.000	49.299	49.299	0.000	0.000	0.000	
10.600	0.000	0.000	697.026	0.000	45.000	49.299	49.299	0.000	0.000	0.000	
10.620	0.000	0.000	697.999	0.000	45.000	49.299	49.299	0.000	0.000	0.000	
10.640	0.000	0.000	698.975	0.000	45.000	49.299	49.299	0.000	0.000	0.000	
10.660	0.000	0.000	694.766	0.000	45.000	49.299	49.299	0.000	0.000	0.000	
10.680	0.000	0.000	696.702	0.000	45.000	49.299	49.299	0.000	0.000	0.000	
10.700	0.000	0.000	700.280	0.000	45.000	49.299	49.299	0.000	0.000	0.000	
10.720	0.000	0.000	701.590	0.000	45.000	49.299	49.299	0.000	0.000	0.000	
10.740	0.000	0.000	701.919	0.000	45.000	49.299	49.299	0.000	0.000	0.000	
10.760	0.000	0.000	706.880	0.000	45.000	49.299	49.299	0.000	0.000	0.000	
10.780	0.000	0.000	706.880	0.000	45.000	49.299	49.299	0.000	0.000	0.000	
10.800	0.000	0.000	697.350	0.000	45.000	49.299	49.299	0.000	0.000	0.000	
10.820	0.000	0.000	699.301	0.000	45.000	49.299	49.299	0.000	0.000	0.000	
10.840	0.000	0.000	699.953	0.000	45.000	49.299	49.299	0.000	0.000	0.000	
10.860	0.000	0.000	702.247	0.000	45.000	49.299	49.299	0.000	0.000	0.000	
10.880	0.000	0.000	694.444	0.000	45.000	49.299	49.299	0.000	0.000	0.000	
10.900	0.000	0.000	700.280	0.000	45.000	49.299	49.299	0.000	0.000	0.000	
10.920	0.000	0.000	697.674	0.000	45.000	49.299	49.299	0.000	0.000	0.000	
10.940	0.000	0.000	694.766	0.000	45.000	49.299	49.299	0.000	0.000	0.000	
10.960	0.000	0.000	697.674	0.000	45.000	49.299	49.299	0.000	0.000	0.000	
10.980	0.000	0.000	705.219	0.000	45.000	49.299	49.299	0.000	0.000	0.000	
11.000	0.000	0.000	694.766	0.000	45.000	49.299	49.299	0.000	0.000	0.000	
11.020	0.000	0.000	698.649	0.000	45.000	49.299	49.299	0.000	0.000	0.000	
11.040	0.000	0.000	699.953	0.000	45.000	49.299	49.299	0.000	0.000	0.000	
11.060	0.000	0.000	698.324	0.000	45.000	49.299	49.299	0.000	0.000	0.000	
11.080	0.000	0.000	689.972	0.000	45.000	49.299	49.299	0.000	0.000	0.000	
11.100	0.000	0.000	696.702	0.000	45.000	49.299	49.299	0.000	0.000	0.000	
11.120	0.000	0.000	703.565	0.000	45.000	49.299	49.299	0.000	0.000	0.000	
11.140	0.000	0.000	694.766	0.000	45.000	49.299	49.299	0.000	0.000	0.000	
11.160	0.000	0.000	699.627	0.000	45.000	49.299	49.299	0.000	0.000	0.000	
11.180	0.000	0.000	699.627	0.000	45.000	49.299	49.299	0.000	0.000	0.000	
11.200	0.000	0.000	698.324	0.000	45.000	49.299	49.299	0.000	0.000	0.000	
11.220	0.000	0.000	698.649	0.000	45.000	49.299	49.299	0.000	0.000	0.000	
11.240	0.000	0.000	706.547	0.000	45.000	49.299	49.299	0.000	0.000	0.000	
11.260	0.000	0.000	702.247	0.000	45.000	49.299	49.299	0.000	0.000	0.000	
11.280	0.000	0.000	702.576	0.000	45.000	49.299	49.299	0.000	0.000	0.000	
11.300	0.000	0.000	706.215	0.000	45.000	49.299	49.299	0.000	0.000	0.000	
11.320	0.000	0.000	706.215	0.000	45.000	49.299	49.299	0.000	0.000	0.000	
11.340	0.000	0.000	700.280	0.000	45.000	49.299	49.299	0.000	0.000	0.000	
11.360	0.000	0.000	699.953	0.000	45.000	49.299	49.299	0.000	0.000	0.000	
11.380	0.000	0.000	704.556	0.000	45.000	49.299	49.299	0.000	0.000	0.000	
11.400	0.000	0.000	696.702	0.000	45.000	49.299	49.299	0.000	0.000	0.000	
11.420	0.000	0.000	700.280	0.000	45.000	49.299	49.299	0.000	0.000	0.000	
11.440	0.000	0.000	700.607	0.000	45.000	49.299	49.299	0.000	0.000	0.000	
11.460	0.000	0.000	700.280	0.000	45.000	49.299	49.299	0.000	0.000	0.000	
11.480	0.000	0.000	699.627	0.000	45.000	49.299	49.299	0.000	0.000	0.000	
11.500	0.000	0.000	703.895	0.000	45.000	49.299	49.299	0.000	0.000	0.000	
11.520	0.000	0.000	697.026	0.000	45.000	49.299	49.299	0.000	0.000	0.000	
11.540	0.000	0.000	698.324	0.000	45.000	49.299	49.299	0.000	0.000	0.000	
11.560	0.000	0.000	703.235	0.000	45.000	49.299	49.299	0.000	0.000	0.000	
11.580	0.000	0.000	700.935	0.000	45.000	49.299	49.299	0.000	0.000	0.000	
11.600	0.000	0.000	699.953	0.000	45.000	49.299	49.299	0.000	0.000	0.000	
11.620	0.000	0.000	700.607	0.000	45.000	49.299	49.299	0.000	0.000	0.000	
11.640	0.000	0.000	699.953	0.000	45.000	49.299	49.299	0.000	0.000	0.000	
11.660	0.000	0.000	694.444	0.000	45.000	49.299	49.299	0.000	0.000	0.000	
11.680	0.000	0.000	703.235	0.000	45.000	49.299	49.299	0.000	0.000	0.000	
11.700	0.000	0.000	702.247	0.000	45.000	49.299	49.299	0.000	0.000	0.000	
11.720	0.000	0.000	696.702	0.000	45.000	49.299	49.299	0.000	0.000	0.000	
11.740	0.000	0.000	701.590	0.000	45.000	49.299	49.299	0.000	0.000	0.000	
11.760	0.000	0.000	701.919	0.000	45.000	49.299	49.299	0.000	0.000	0.000	
11.780	0.000	0.000	696.056	0.000	45.000	49.299	49.299	0.000	0.000	0.000	
11.800	0.000	0.000	701.590	0.000	45.000	49.299	49.299	0.000	0.000	0.000	
11.820	0.000	0.000	706.547	0.000	45.000	49.299	49.299	0.000	0.000	0.000	
11.840	0.000	0.000	693.481	0.000	45.000	49.299	49.299	0.000	0.000	0.000	
11.860	0.000	0.000	700.280	0.000	45.000	49.299	49.299	0.000	0.000	0.000	
11.880	0.000	0.000	703.565	0.000	45.000	49.299	49.299	0.000	0.000	0.000	
11.900	0.000	0.000	697.026	0.000	45.000	49.299	49.299	0.000	0.000	0.000	
11.920	0.000	0.000	697.026	0.000	45.000	49.299	49.299	0.000	0.000	0.000	
11.940	0.000	0.000	704.556	0.000	45.000	49.299	49.299	0.000	0.000	0.000	
11.960	0.000	0.000	703.895	0.000	45.000	49.299	49.299	0.000	0.000	0.000	
11.980	0.000	0.000	697.674	0.000	45.000	49.299	49.299	0.000	0.000	0.000	
12.000	0.000	0.000	703.565	0.000	45.000	49.299	49.299	0.000	0.000	0.000	
12.020	0.000	0.000	703.235	0.000	45.000	49.299	49.299	0.000	0.000	0.000	
12.040	0.000	0.000	703.565	0.000	45.000	49.299	49.299	0.000	0.000	0.000	
12.060	0.000	0.000	704.225	0.000	45.000	49.299	49.299	0.000	0.000	0.000	
12.080	0.000	0.000	699.627	0.000	45.000	49.299	49.299	0.000	0.000	0.000	
12.100	0.000	0.000	703.565	0.000	45.000	49.299	49.299	0.000	0.000	0.000	
12.120	0.000	0.000	707.881	0.000	45.000	49.299	49.299	0.000	0.000	0.000	
12.140	0.000	0.000	700.935	0.000	45.000	49.299	49.299	0.000	0.000	0.000	
12.160	0.000	0.000	697.674	0.000	45.000	49.299	49.299	0.000	0.000	0.000	
12.180	0.000	0.000	703.235	0.000	45.000	49.299	49.299	0.000	0.000	0.000	
12.200	0.000	0.000	697.026	0.000	45.000	49.299	49.299	0.000	0.000	0.000	
12.220	0.000	0.000	700.935	0.000	45.000	49.299	49.299	0.000	0.000	0.000	
12.240	0.000	0.000	710.564	0.000	45.000	49.299	49.299	0.000	0.000	0.000	
12.260	0.000	0.000	704.887	0.000	45.000	49.299	49.299	0.000	0.000	0.000	
12.280	0.000	0.000	696.379	0.000	45.000	49.299	49.299	0.000	0.000	0.000	
12.300	0.000	0.000	701.919	0.000	45.000	49.299	49.299	0.000	0.000	0.000	
12.320	0.000	0.000	703.235	0.000	45.000	49.299	49.299	0.000	0.000	0.000	
12.340	0.000	0.000	699.627	0.000	45.000	49.299	49.299	0.000	0.000	0.000	
12.360	0.000	0.000	703.565	0.000	45.000	49.299	49.299	0.000	0.000	0.000	
12.380	0.000	0.000	697.674	0.000	45.000	49.299	49.299	0.000	0.000	0.000	
12.400	0.000	0.000	701.919	0.000	45.000	49.299	49.299	0.000	0.000	0.000	
12.420	0.000	0.000	706.547	0.000	45.000	49.299	49.299	0.000	0.000	0.000	
12.440	0.000	0.000	697.350	0.000	45.000	49.299	49.299	0.000	0.000	0.000	
12.460	0.000	0.000	701.590	0.000	45.000	49.299	49.299	0.000	0.000	0.000	
12.480	0.000	0.000	705.219	0.000	45.000	49.299	49.299	0.000	0.000	0.000	
12.500	0.000	0.000	700.280	0.000	45.000	49.299	49.299	0.000	0.000	0.000	
12.520	0.000	0.000	700.280	0.000	45.000	49.299	49.299	0.000	0.000	0.000	
12.540	0.000	0.000	706.215	0.000	45.000	49.299	49.299	0.000	0.000	0.000	
12.560	0.000	0.000	703.235	0.000	45.000	49.299	49.299	0.000	0.000	0.000	
12.580	0.000	0.000	701.919	0.000	45.000	49.299	49.299	0.000	0.000	0.000	
12.600	0.000	0.000	706.547	0.000	45.000	49.299	49.299	0.000	0.000	0.000	
12.620	0.000	0.000	699.953	0.000	45.000	49.299	49.299	0.000	0.000	0.000	
12.640	0.000	0.000	705.882	0.000	45.000	49.299	49.299	0.000	0.000	0.000	
12.660	0.000	0.000	706.547	0.000	45.000	49.299	49.299	0.000	0.000	0.000	
12.680	0.000	0.000	698.324	0.000	45.000	49.299	49.299	0.000	0.000	0.000	
12.700	0.000	0.000	707.547	0.000	45.000	49.299	49.299	0.000	0.000	0.000	
12.720	0.000	0.000	711.575	0.000	45.000	49.299	49.299	0.000	0.000	0.000	
12.740	0.000	0.000	702.576	0.000	45.000	49.299	49.299	0.000	0.000	0.000	
12.760	0.000	0.000	704.556	0.000	45.000	49.299	49.299	0.000	0.000	0.000	
12.780	0.000	0.000	708.215	0.000	45.000	49.299	49.299	0.000	0.000	0.000	
12.800	0.000	0.000	700.280	0.000	45.000	49.299	49.299	0.000	0.000	0.000	
12.820	0.000	0.000	704.887	0.000	45.000	49.299	49.299	0.000	0.000	0.000	
12.840	0.000	0.000	700.607	0.000	45.000	49.299	49.299	0.000	0.000	0.000	
12.860	0.000	0.000	697.999	0.000	45.000	49.299	49.299	0.000	0.000	0.000	
12.880	0.000	0.000	709.891	0.000	45.000	49.299	49.299	0.000	0.000	0.000	
12.900	0.000	0.000	704.556	0.000	45.000	49.299	49.299	0.000	0.000	0.000	
12.920	0.000	0.000	697.999	0.000	45.000	49.299	49.299	0.000	0.000	0.000	
12.940	0.000	0.000	706.547	0.000	45.000	49.299	49.299	0.000	0.000	0.000	
12.960	0.000	0.000	700.935	0.000	45.000	49.299	49.299	0.000	0.000	0.000	
12.980	0.000	0.000	708.550	0.000	45.000	49.299	49.299	0.000	0.000	0.000	
13.000	0.000	0.000	707.881	0.000	45.000	49.299	49.299	0.000	0.000	0.000	
13.020	0.000	0.000	700.607	0.000	45.000	49.299	49.299	0.000	0.000	0.000	
13.040	0.000	0.000	710.900	0.000	45.000	49.299	49.299	0.000	0.000	0.000	
13.060	0.000	0.000	709.220	0.000	45.000	49.299	49.299	0.000	0.000	0.000	
13.080	0.000	0.000	704.887	0.000	45.000	49.299	49.299	0.000	0.000	0.000	
13.100	0.000	0.000	707.881	0.000	45.000	49.299	49.299	0.000	0.000	0.000	
13.120	0.000	0.000	709.555	0.000	45.000	49.299	49.299	0.000	0.000	0.000	
13.140	0.000	0.000	703.235	0.000	45.000	49.299	49.299	0.000	0.000	0.000	
13.160	0.000	0.000	702.247	0.000	45.000	49.299	49.299	0.000	0.000	0.000	
13.180	0.000	0.000	699.627	0.000	45.000	49.299	49.299	0.000	0.000	0.000	
13.200	0.000	0.000	698.649	0.000	45.000	49.299	49.299	0.000	0.000	0.000	
13.220	0.000	0.000	710.564	0.000	45.000	49.299	49.299	0.000	0.000	0.000	
13.240	0.000	0.000	707.547	0.000	45.000	49.299	49.299	0.000	0.000	0.000	
13.260	0.000	0.000	704.225	0.000	45.000	49.299	49.299	0.000	0.000	0.000	
13.280	0.000	0.000	709.555	0.000	45.000	49.299	49.299	0.000	0.000	0.000	
13.300	0.000	0.000	699.627	0.000	45.000	49.299	49.299	0.000	0.000	0.000	
13.320	0.000	0.000	707.214	0.000	45.000	49.299	49.299	0.000	0.000	0.000	
13.340	0.000	0.000	707.214	0.000	45.000	49.299	49.299	0.000	0.000	0.000	
13.360	0.000	0.000	697.674	0.000	45.000	49.299	49.299	0.000	0.000	0.000	
13.380	0.000	0.000	707.547	0.000	45.000	49.299	49.299	0.000	0.000	0.000	
13.400	0.000	0.000	701.590	0.000	45.000	49.299	49.299	0.000	0.000	0.000	
13.420	0.000	0.000	698.975	0.000	45.000	49.299	49.299	0.000	0.000	0.000	
13.440	0.000	0.000	705.882	0.000	45.000	49.299	49.299	0.000	0.000	0.000	
13.460	0.000	0.000	702.247	0.000	45.000	49.299	49.299	0.000	0.000	0.000	
13.480	0.000	0.000	707.881	0.000	45.000	49.299	49.299	0.000	0.000	0.000	
13.500	0.000	0.000	709.891	0.000	45.000	49.299	49.299	0.000	0.000	0.000	
13.520	0.000	0.000	699.953	0.000	45.000	49.299	49.299	0.000	0.000	0.000	
13.540	0.000	0.000	705.550	0.000	45.000	49.299	49.299	0.000	0.000	0.000	
13.560	0.000	0.000	706.880	0.000	45.000	49.299	49.299	0.000	0.000	0.000	
13.580	0.000	0.000	702.576	0.000	45.000	49.299	49.299	0.000	0.000	0.000	
13.600	0.000	0.000	707.881	0.000	45.000	49.299	49.299	0.000	0.000	0.000	
13.620	0.000	0.000	705.219	0.000	45.000	49.299	49.299	0.000	0.000	0.000	
13.640	0.000	0.000	704.556	0.000	45.000	49.299	49.299	0.000	0.000	0.000	
13.660	0.000	0.000	710.564	0.000	45.000	49.299	49.299	0.000	0.000	0.000	
13.680	0.000	0.000	704.887	0.000	45.000	49.299	49.299	0.000	0.000	0.000	
13.700	0.000	0.000	708.550	0.000	45.000	49.299	49.299	0.000	0.000	0.000	
13.720	0.000	0.000	713.267	0.000	45.000	49.299	49.299	0.000	0.000	0.000	
13.740	0.000	0.000	705.882	0.000	45.000	49.299	49.299	0.000	0.000	0.000	
13.760	0.000	0.000	706.880	0.000	45.000	49.299	49.299	0.000	0.000	0.000	
13.780	0.000	0.000	705.882	0.000	45.000	49.299	49.299	0.000	0.000	0.000	
13.800	0.000	0.000	700.607	0.000	45.000	49.299	49.299	0.000	0.000	0.000	
13.820	0.000	0.000	711.913	0.000	45.000	49.299	49.299	0.000	0.000	0.000	
13.840	0.000	0.000	707.214	0.000	45.000	49.299	49.299	0.000	0.000	0.000	
13.860	0.000	0.000	703.895	0.000	45.000	49.299	49.299	0.000	0.000	0.000	
13.880	0.000	0.000	709.220	0.000	45.000	49.299	49.299	0.000	0.000	0.000	
13.900	0.000	0.000	703.895	0.000	45.000	49.299	49.299	0.000	0.000	0.000	
13.920	0.000	0.000	709.891	0.000	45.000	49.299	49.299	0.000	0.000	0.000	
13.940	0.000	0.000	705.550	0.000	45.000	49.299	49.299	0.000	0.000	0.000	
13.960	0.000	0.000	698.649	0.000	45.000	49.299	49.299	0.000	0.000	0.000	
13.980	0.000	0.000	708.215	0.000	45.000	49.299	49.299	0.000	0.000	0.000	
14.000	0.000	0.000	702.905	0.000	45.000	49.299	49.299	0.000	0.000	0.000	
14.020	0.000	0.000	701.262	0.000	45.000	49.299	49.299	0.000	0.000	0.000	
14.040	0.000	0.000	703.235	0.000	45.000	49.299	49.299	0.000	0.000	0.000	
14.060	0.000	0.000	700.935	0.000	45.000	49.299	49.299	0.000	0.000	0.000	
14.080	0.000	0.000	715.649	0.000	45.000	49.299	49.299	0.000	0.000	0.000	
14.100	0.000	0.000	715.308	0.000	45.000	49.299	49.299	0.000	0.000	0.000	
14.120	0.000	0.000	705.219	0.000	45.000	49.299	49.299	0.000	0.000	0.000	
14.140	0.000	0.000	709.891	0.000	45.000	49.299	49.299	0.000	0.000	0.000	
14.160	0.000	0.000	704.225	0.000	45.000	49.299	49.299	0.000	0.000	0.000	
14.180	0.000	0.000	706.547	0.000	45.000	49.299	49.299	0.000	0.000	0.000	
14.200	0.000	0.000	707.214	0.000	45.000	49.299	49.299	0.000	0.000	0.000	
14.220	0.000	0.000	698.649	0.000	45.000	49.299	49.299	0.000	0.000	0.000	
14.240	0.000	0.000	709.555	0.000	45.000	49.299	49.299	0.000	0.000	0.000	
14.260	0.000	0.000	707.881	0.000	45.000	49.299	49.299	0.000	0.000	0.000	
14.280	0.000	0.000	705.550	0.000	45.000	49.299	49.299	0.000	0.000	0.000	
14.300	0.000	0.000	709.891	0.000	45.000	49.299	49.299	0.000	0.000	0.000	
14.320	0.000	0.000	697.026	0.000	45.000	49.299	49.299	0.000	0.000	0.000	
14.340	0.000	0.000	703.235	0.000	45.000	49.299	49.299	0.000	0.000	0.000	
14.360	0.000	0.000	710.564	0.000	45.000	49.299	49.299	0.000	0.000	0.000	
14.380	0.000	0.000	706.215	0.000	45.000	49.299	49.299	0.000	0.000	0.000	
14.400	0.000	0.000	711.575	0.000	45.000	49.299	49.299	0.000	0.000	0.000	
14.420	0.000	0.000	705.219	0.000	45.000	49.299	49.299	0.000	0.000	0.000	
14.440	0.000	0.000	703.235	0.000	45.000	49.299	49.299	0.000	0.000	0.000	
14.460	0.000	0.000	711.575	0.000	45.000	49.299	49.299	0.000	0.000	0.000	
14.480	0.000	0.000	697.350	0.000	45.000	49.299	49.299	0.000	0.000	0.000	
14.500	0.000	0.000	704.556	0.000	45.000	49.299	49.299	0.000	0.000	0.000	
14.520	0.000	0.000	704.225	0.000	45.000	49.299	49.299	0.000	0.000	0.000	
14.540	0.000	0.000	704.556	0.000	45.000	49.299	49.299	0.000	0.000	0.000	
14.560	0.000	0.000	709.891	0.000	45.000	49.299	49.299	0.000	0.000	0.000	
14.580	0.000	0.000	701.919	0.000	45.000	49.299	49.299	0.000	0.000	0.000	
14.600	0.000	0.000	707.214	0.000	45.000	49.299	49.299	0.000	0.000	0.000	
14.620	0.000	0.000	714.286	0.000	45.000	49.299	49.299	0.000	0.000	0.000	
14.640	0.000	0.000	705.219	0.000	45.000	49.299	49.299	0.000	0.000	0.000	
14.660	0.000	0.000	711.575	0.000	45.000	49.299	49.299	0.000	0.000	0.000	
14.680	0.000	0.000	704.887	0.000	45.000	49.299	49.299	0.000	0.000	0.000	
14.700	0.000	0.000	699.301	0.000	45.000	49.299	49.299	0.000	0.000	0.000	
14.720	0.000	0.000	705.550	0.000	45.000	49.299	49.299	0.000	0.000	0.000	
14.740	0.000	0.000	699.953	0.000	45.000	49.299	49.299	0.000	0.000	0.000	
14.760	0.000	0.000	709.891	0.000	45.000	49.299	49.299	0.000	0.000	0.000	
14.780	0.000	0.000	711.575	0.000	45.000	49.299	49.299	0.000	0.000	0.000	
14.800	0.000	0.000	706.215	0.000	45.000	49.299	49.299	0.000	0.000	0.000	
14.820	0.000	0.000	714.967	0.000	45.000	49.299	49.299	0.000	0.000	0.000	
14.840	0.000	0.000	713.606	0.000	45.000	49.299	49.299	0.000	0.000	0.000	
14.860	0.000	0.000	711.238	0.000	45.000	49.299	49.299	0.000	0.000	0.000	
14.880	0.000	0.000	711.575	0.000	45.000	49.299	49.299	0.000	0.000	0.000	
14.900	0.000	0.000	699.953	0.000	45.000	49.299	49.299	0.000	0.000	0.000	
14.920	0.000	0.000	712.251	0.000	45.000	49.299	49.299	0.000	0.000	0.000	
14.940	0.000	0.000	710.900	0.000	45.000	49.299	49.299	0.000	0.000	0.000	
14.960	0.000	0.000	707.547	0.000	45.000	49.299	49.299	0.000	0.000	0.000	
14.980	0.000	0.000	707.547	0.000	45.000	49.299	49.299	0.000	0.000	0.000	
15.000	0.000	0.000	696.056	0.000	45.000	49.299	49.299	0.000	0.000	0.000	
15.020	0.000	0.000	701.590	0.000	45.000	49.299	49.299	0.000	0.000	0.000	
15.040	0.000	0.000	705.882	0.000	45.000	49.299	49.299	0.000	0.000	0.000	
15.060	0.000	0.000	705.219	0.000	45.000	49.299	49.299	0.000	0.000	0.000	
15.080	0.000	0.000	710.564	0.000	45.000	49.299	49.299	0.000	0.000	0.000	
15.100	0.000	0.000	702.247	0.000	45.000	49.299	49.299	0.000	0.000	0.000	
15.120	0.000	0.000	710.564	0.000	45.000	49.299	49.299	0.000	0.000	0.000	
15.140	0.000	0.000	714.626	0.000	45.000	49.299	49.299	0.000	0.000	0.000	
15.160	0.000	0.000	702.905	0.000	45.000	49.299	49.299	0.000	0.000	0.000	
15.180	0.000	0.000	710.564	0.000	45.000	49.299	49.299	0.000	0.000	0.000	
15.200	0.000	0.000	703.235	0.000	45.000	49.299	49.299	0.000	0.000	0.000	
15.220	0.000	0.000	710.900	0.000	45.000	49.299	49.299	0.000	0.000	0.000	
15.240	0.000	0.000	712.589	0.000	45.000	49.299	49.299	0.000	0.000	0.000	
15.260	0.000	0.000	708.550	0.000	45.000	49.299	49.299	0.000	0.000	0.000	
15.280	0.000	0.000	712.589	0.000	45.000	49.299	49.299	0.000	0.000	0.000	
15.300	0.000	0.000	702.576	0.000	15.000	15.481	15.481	0.000	0.000	0.000	
15.320	0.000	0.000	695.088	0.000	15.000	15.481	15.481	0.000	0.000	0.000	
15.340	0.000	0.000	689.022	0.000	15.000	15.481	15.481	0.000	0.000	0.000	
15.360	0.000	0.000	684.307	0.000	15.000	15.481	15.481	0.000	0.000	0.000	
15.380	0.000	0.000	688.073	0.000	15.000	15.481	15.481	0.000	0.000	0.000	
15.400	0.000	0.000	684.932	0.000	15.000	15.481	15.481	0.000	0.000	0.000	
15.420	0.000	0.000	678.426	0.000	15.000	15.481	15.481	0.000	0.000	0.000	
15.440	0.000	0.000	676.590	0.000	15.000	15.481	15.481	0.000	0.000	0.000	
15.460	0.000	0.000	669.643	0.000	15.000	15.481	15.481	0.000	0.000	0.000	
15.480	0.000	0.000	665.188	0.000	15.000	15.481	15.481	0.000	0.000	0.000	
15.500	0.000	0.000	666.963	0.000	15.000	15.481	15.481	0.000	0.000	0.000	
15.520	0.000	0.000	660.793	0.000	15.000	15.481	15.481	0.000	0.000	0.000	
15.540	0.000	0.000	661.376	0.000	15.000	15.481	15.481	0.000	0.000	0.000	
15.560	0.000	0.000	657.895	0.000	15.000	15.481	15.481	0.000	0.000	0.000	
15.580	0.000	0.000	651.324	0.000	15.000	15.481	15.481	0.000	0.000	0.000	
15.600	0.000	0.000	650.195	0.000	15.000	15.481	15.481	0.000	0.000	0.000	
15.620	0.000	0.000	645.439	0.000	15.000	15.481	15.481	0.000	0.000	0.000	
15.640	0.000	0.000	645.717	0.000	15.000	15.481	15.481	0.000	0.000	0.000	
15.660	0.000	0.000	640.752	0.000	15.000	15.481	15.481	0.000	0.000	0.000	
15.680	0.000	0.000	634.786	0.000	15.000	15.481	15.481	0.000	0.000	0.000	
15.700	0.000	0.000	624.220	0.000	15.000	15.481	15.481	0.000	0.000	0.000	
15.720	0.000	0.000	623.182	0.000	15.000	15.481	15.481	0.000	0.000	0.000	
15.740	0.000	0.000	619.835	0.000	15.000	15.481	15.481	0.000	0.000	0.000	
15.760	0.000	0.000	615.006	0.000	15.000	15.481	15.481	0.000	0.000	0.000	
15.780	0.000	0.000	612.995	0.000	15.000	15.481	15.481	0.000	0.000	0.000	
15.800	0.000	0.000	609.261	0.000	15.000	15.481	15.481	0.000	0.000	0.000	
15.820	0.000	0.000	608.026	0.000	15.000	15.481	15.481	0.000	0.000	0.000	
15.840	0.000	0.000	607.780	0.000	15.000	15.481	15.481	0.000	0.000	0.000	
15.860	0.000	0.000	610.252	0.000	15.000	15.481	15.481	0.000	0.000	0.000	
15.880	0.000	0.000	606.551	0.000	15.000	15.481	15.481	0.000	0.000	0.000	
15.900	0.000	0.000	602.410	0.000	15.000	15.481	15.481	0.000	0.000	0.000	
15.920	0.000	0.000	599.042	0.000	15.000	15.481	15.481	0.000	0.000	0.000	
15.940	0.000	0.000	595.238	0.000	15.000	15.481	15.481	0.000	0.000	0.000	
15.960	0.000	0.000	592.651	0.000	15.000	15.481	15.481	0.000	0.000	0.000	
15.980	0.000	0.000	591.250	0.000	15.000	15.481	15.481	0.000	0.000	0.000	
16.000	0.000	0.000	587.544	0.000	15.000	15.481	15.481	0.000	0.000	0.000	
16.020	0.000	0.000	586.167	0.000	15.000	15.481	15.481	0.000	0.000	0.000	
16.040	0.000	0.000	584.795	0.000	15.000	15.481	15.481	0.000	0.000	0.000	
16.060	0.000	0.000	579.598	0.000	15.000	15.481	15.481	0.000	0.000	0.000	
16.080	0.000	0.000	574.273	0.000	15.000	15.481	15.481	0.000	0.000	0.000	
16.100	0.000	0.000	572.301	0.000	15.000	15.481	15.481	0.000	0.000	0.000	
16.120	0.000	0.000	575.595	0.000	15.000	15.481	15.481	0.000	0.000	0.000	
16.140	0.000	0.000	574.053	0.000	15.000	15.481	15.481	0.000	0.000	0.000	
16.160	0.000	0.000	575.153	0.000	15.000	15.481	15.481	0.000	0.000	0.000	
16.180	0.000	0.000	570.559	0.000	15.000	15.481	15.481	0.000	0.000	0.000	
16.200	0.000	0.000	566.251	0.000	15.000	15.481	15.481	0.000	0.000	0.000	
16.220	0.000	0.000	566.465	0.000	15.000	15.481	15.481	0.000	0.000	0.000	
16.240	0.000	0.000	563.910	0.000	15.000	15.481	15.481	0.000	0.000	0.000	
16.260	0.000	0.000	561.587	0.000	15.000	15.481	15.481	0.000	0.000	0.000	
16.280	0.000	0.000	559.702	0.000	15.000	15.481	15.481	0.000	0.000	0.000	
16.300	0.000	0.000	555.350	0.000	15.000	15.481	15.481	0.000	0.000	0.000	
16.320	0.000	0.000	552.690	0.000	15.000	15.481	15.481	0.000	0.000	0.000	
16.340	0.000	0.000	548.446	0.000	15.000	15.481	15.481	0.000	0.000	0.000	
16.360	0.000	0.000	545.852	0.000	15.000	15.481	15.481	0.000	0.000	0.000	
16.380	0.000	0.000	546.847	0.000	15.000	15.481	15.481	0.000	0.000	0.000	
16.400	0.000	0.000	544.070	0.000	15.000	15.481	15.481	0.000	0.000	0.000	
16.420	0.000	0.000	543.085	0.000	15.000	15.481	15.481	0.000	0.000	0.000	
16.440	0.000	0.000	539.762	0.000	15.000	15.481	15.481	0.000	0.000	0.000	
16.460	0.000	0.000	534.569	0.000	15.000	15.481	15.481	0.000	0.000	0.000	
16.480	0.000	0.000	532.670	0.000	15.000	15.481	15.481	0.000	0.000	0.000	
16.500	0.000	0.000	529.474	0.000	15.000	15.481	15.481	0.000	0.000	0.000	
16.520	0.000	0.000	527.241	0.000	15.000	15.481	15.481	0.000	0.000	0.000	
16.540	0.000	0.000	527.426	0.000	15.000	15.481	15.481	0.000	0.000	0.000	
16.560	0.000	0.000	527.612	0.000	15.000	15.481	15.481	0.000	0.000	0.000	
16.580	0.000	0.000	525.394	0.000	15.000	15.481	15.481	0.000	0.000	0.000	
16.600	0.000	0.000	524.659	0.000	15.000	15.481	15.481	0.000	0.000	0.000	
16.620	0.000	0.000	521.195	0.000	15.000	15.481	15.481	0.000	0.000	0.000	
16.640	0.000	0.000	519.031	0.000	15.000	15.481	15.481	0.000	0.000	0.000	
16.660	0.000	0.000	517.420	0.000	15.000	15.481	15.481	0.000	0.000	0.000	
16.680	0.000	0.000	516.173	0.000	15.000	15.481	15.481	0.000	0.000	0.000	
16.700	0.000	0.000	514.933	0.000	15.000	15.481	15.481	0.000	0.000	0.000	
16.720	0.000	0.000	513.171	0.000	15.000	15.481	15.481	0.000	0.000	0.000	
16.740	0.000	0.000	510.551	0.000	15.000	15.481	15.481	0.000	0.000	0.000	
16.760	0.000	0.000	507.786	0.000	15.000	15.481	15.481	0.000	0.000	0.000	
16.780	0.000	0.000	506.586	0.000	15.000	15.481	15.481	0.000	0.000	0.000	
16.800	0.000	0.000	502.344	0.000	15.000	15.481	15.481	0.000	0.000	0.000	
16.820	0.000	0.000	502.176	0.000	15.000	15.481	15.481	0.000	0.000	0.000	
16.840	0.000	0.000	500.835	0.000	15.000	15.481	15.481	0.000	0.000	0.000	
16.860	0.000	0.000	500.334	0.000	15.000	15.481	15.481	0.000	0.000	0.000	
16.880	0.000	0.000	498.008	0.000	15.000	15.481	15.481	0.000	0.000	0.000	
16.900	0.000	0.000	495.540	0.000	15.000	15.481	15.481	0.000	0.000	0.000	
16.920	0.000	0.000	491.159	0.000	15.000	15.481	15.481	0.000	0.000	0.000	
16.940	0.000	0.000	490.517	0.000	15.000	15.481	15.481	0.000	0.000	0.000	
16.960	0.000	0.000	491.803	0.000	15.000	15.481	15.481	0.000	0.000	0.000	
16.980	0.000	0.000	488.281	0.000	15.000	15.481	15.481	0.000	0.000	0.000	
17.000	0.000	0.000	487.964	0.000	15.000	15.481	15.481	0.000	0.000	0.000	
17.020	0.000	0.000	483.715	0.000	15.000	15.481	15.481	0.000	0.000	0.000	
17.040	0.000	0.000	480.769	0.000	15.000	15.481	15.481	0.000	0.000	0.000	
17.060	0.000	0.000	482.005	0.000	15.000	15.481	15.481	0.000	0.000	0.000	
17.080	0.000	0.000	479.693	0.000	15.000	15.481	15.481	0.000	0.000	0.000	
17.100	0.000	0.000	480.154	0.000	15.000	15.481	15.481	0.000	0.000	0.000	
17.120	0.000	0.000	479.386	0.000	15.000	15.481	15.481	0.000	0.000	0.000	
17.140	0.000	0.000	473.335	0.000	15.000	15.481	15.481	0.000	0.000	0.000	
17.160	0.000	0.000	473.634	0.000	15.000	15.481	15.481	0.000	0.000	0.000	
17.180	0.000	0.000	472.144	0.000	15.000	15.481	15.481	0.000	0.000	0.000	
17.200	0.000	0.000	468.457	0.000	15.000	15.481	15.481	0.000	0.000	0.000	
17.220	0.000	0.000	465.983	0.000	15.000	15.481	15.481	0.000	0.000	0.000	
17.240	0.000	0.000	468.165	0.000	15.000	15.481	15.481	0.000	0.000	0.000	
17.260	0.000	0.000	466.708	0.000	15.000	15.481	15.481	0.000	0.000	0.000	
17.280	0.000	0.000	465.405	0.000	15.000	15.481	15.481	0.000	0.000	0.000	
17.300	0.000	0.000	463.535	0.000	15.000	15.481	15.481	0.000	0.000	0.000	
17.320	0.000	0.000	461.823	0.000	15.000	15.481	15.481	0.000	0.000	0.000	
17.340	0.000	0.000	461.255	0.000	15.000	15.481	15.481	0.000	0.000	0.000	
17.360	0.000	0.000	459.137	0.000	15.000	15.481	15.481	0.000	0.000	0.000	
17.380	0.000	0.000	455.789	0.000	15.000	15.481	15.481	0.000	0.000	0.000	
17.400	0.000	0.000	451.264	0.000	15.000	15.481	15.481	0.000	0.000	0.000	
17.420	0.000	0.000	449.910	0.000	15.000	15.481	15.481	0.000	0.000	0.000	
17.440	0.000	0.000	451.535	0.000	15.000	15.481	15.481	0.000	0.000	0.000	
17.460	0.000	0.000	451.128	0.000	15.000	15.481	15.481	0.000	0.000	0.000	
17.480	0.000	0.000	450.450	0.000	15.000	15.481	15.481	0.000	0.000	0.000	
17.500	0.000	0.000	452.080	0.000	15.000	15.481	15.481	0.000	0.000	0.000	
17.520	0.000	0.000	447.628	0.000	15.000	15.481	15.481	0.000	0.000	0.000	
17.540	0.000	0.000	444.972	0.000	15.000	15.481	15.481	0.000	0.000	0.000	
17.560	0.000	0.000	443.393	0.000	15.000	15.481	15.481	0.000	0.000	0.000	
17.580	0.000	0.000	445.236	0.000	15.000	15.481	15.481	0.000	0.000	0.000	
17.600	0.000	0.000	443.918	0.000	15.000	15.481	15.481	0.000	0.000	0.000	
17.620	0.000	0.000	439.496	0.000	15.000	15.481	15.481	0.000	0.000	0.000	
17.640	0.000	0.000	439.754	0.000	15.000	15.481	15.481	0.000	0.000	0.000	
17.660	0.000	0.000	441.176	0.000	15.000	15.481	15.481	0.000	0.000	0.000	
17.680	0.000	0.000	436.808	0.000	15.000	15.481	15.481	0.000	0.000	0.000	
17.700	0.000	0.000	435.414	0.000	15.000	15.481	15.481	0.000	0.000	0.000	
17.720	0.000	0.000	434.783	0.000	15.000	15.481	15.481	0.000	0.000	0.000	
17.740	0.000	0.000	432.776	0.000	15.000	15.481	15.481	0.000	0.000	0.000	
17.760	0.000	0.000	432.401	0.000	15.000	15.481	15.481	0.000	0.000	0.000	
17.780	0.000	0.000	431.530	0.000	15.000	15.481	15.481	0.000	0.000	0.000	
17.800	0.000	0.000	430.416	0.000	15.000	15.481	15.481	0.000	0.000	0.000	
17.820	0.000	0.000	427.960	0.000	15.000	15.481	15.481	0.000	0.000	0.000	
17.840	0.000	0.000	426.500	0.000	15.000	15.481	15.481	0.000	0.000	0.000	
17.860	0.000	0.000	425.653	0.000	15.000	15.481	15.481	0.000	0.000	0.000	
17.880	0.000	0.000	422.535	0.000	15.000	15.481	15.481	0.000	0.000	0.000	
17.900	0.000	0.000	423.729	0.000	15.000	15.481	15.481	0.000	0.000	0.000	
17.920	0.000	0.000	424.328	0.000	15.000	15.481	15.481	0.000	0.000	0.000	
17.940	0.000	0.000	418.994	0.000	15.000	15.481	15.481	0.000	0.000	0.000	
17.960	0.000	0.000	418.060	0.000	15.000	15.481	15.481	0.000	0.000	0.000	
17.980	0.000	0.000	418.994	0.000	15.000	15.481	15.481	0.000	0.000	0.000	
18.000	0.000	0.000	423.849	0.000	15.000	15.481	15.481	0.000	0.000	0.000	
18.020	0.000	0.000	421.822	0.000	15.000	15.481	15.481	0.000	0.000	0.000	
18.040	0.000	0.000	417.595	0.000	15.000	15.481	15.481	0.000	0.000	0.000	
18.060	0.000	0.000	414.938	0.000	15.000	15.481	15.481	0.000	0.000	0.000	
18.080	0.000	0.000	410.172	0.000	15.000	15.481	15.481	0.000	0.000	0.000	
18.100	0.000	0.000	409.389	0.000	15.000	15.481	15.481	0.000	0.000	0.000	
18.120	0.000	0.000	407.941	0.000	15.000	15.481	15.481	0.000	0.000	0.000	
18.140	0.000	0.000	409.277	0.000	15.000	15.481	15.481	0.000	0.000	0.000	
18.160	0.000	0.000	407.166	0.000	15.000	15.481	15.481	0.000	0.000	0.000	
18.180	0.000	0.000	405.296	0.000	15.000	15.481	15.481	0.000	0.000	0.000	
18.200	0.000	0.000	402.576	0.000	15.000	15.481	15.481	0.000	0.000	0.000	
18.220	0.000	0.000	401.714	0.000	15.000	15.481	15.481	0.000	0.000	0.000	
18.240	0.000	0.000	400.855	0.000	15.000	15.481	15.481	0.000	0.000	0.000	
18.260	0.000	0.000	403.660	0.000	15.000	15.481	15.481	0.000	0.000	0.000	
18.280	0.000	0.000	413.337	0.000	15.000	15.481	15.481	0.000	0.000	0.000	
18.300	0.000	0.000	418.644	0.000	15.000	15.481	15.481	0.000	0.000	0.000	
18.320	0.000	0.000	417.478	0.000	15.000	15.481	15.481	0.000	0.000	0.000	
18.340	0.000	0.000	406.835	0.000	15.000	15.481	15.481	0.000	0.000	0.000	
18.360	0.000	0.000	398.936	0.000	15.000	15.481	15.481	0.000	0.000	0.000	
18.380	0.000	0.000	402.576	0.000	15.000	15.481	15.481	0.000	0.000	0.000	
18.400	0.000	0.000	403.117	0.000	15.000	15.481	15.481	0.000	0.000	0.000	
18.420	0.000	0.000	395.049	0.000	15.000	15.481	15.481	0.000	0.000	0.000	
18.440	0.000	0.000	399.042	0.000	15.000	15.481	15.481	0.000	0.000	0.000	
18.460	0.000	0.000	402.253	0.000	15.000	15.481	15.481	0.000	0.000	0.000	
18.480	0.000	0.000	399.893	0.000	15.000	15.481	15.481	0.000	0.000	0.000	
18.500	0.000	0.000	403.117	0.000	15.000	15.481	15.481	0.000	0.000	0.000	
18.520	0.000	0.000	400.534	0.000	15.000	15.481	15.481	0.000	0.000	0.000	
18.540	0.000	0.000	395.361	0.000	15.000	15.481	15.481	0.000	0.000	0.000	
18.560	0.000	0.000	396.406	0.000	15.000	15.481	15.481	0.000	0.000	0.000	
18.580	0.000	0.000	392.670	0.000	15.000	15.481	15.481	0.000	0.000	0.000	
18.600	0.000	0.000	393.082	0.000	15.000	15.481	15.481	0.000	0.000	0.000	
18.620	0.000	0.000	391.032	0.000	15.000	15.481	15.481	0.000	0.000	0.000	
18.640	0.000	0.000	395.361	0.000	15.000	15.481	15.481	0.000	0.000	0.000	
18.660	0.000	0.000	393.391	0.000	15.000	15.481	15.481	0.000	0.000	0.000	
18.680	0.000	0.000	394.529	0.000	15.000	15.481	15.481	0.000	0.000	0.000	
18.700	0.000	0.000	391.850	0.000	15.000	15.481	15.481	0.000	0.000	0.000	
18.720	0.000	0.000	389.813	0.000	15.000	15.481	15.481	0.000	0.000	0.000	
18.740	0.000	0.000	392.362	0.000	15.000	15.481	15.481	0.000	0.000	0.000	
18.760	0.000	0.000	389.610	0.000	15.000	15.481	15.481	0.000	0.000	0.000	
18.780	0.000	0.000	387.397	0.000	15.000	15.481	15.481	0.000	0.000	0.000	
18.800	0.000	0.000	386.299	0.000	15.000	15.481	15.481	0.000	0.000	0.000	
18.820	0.000	0.000	384.517	0.000	15.000	15.481	15.481	0.000	0.000	0.000	
18.840	0.000	0.000	382.653	0.000	15.000	15.481	15.481	0.000	0.000	0.000	
18.860	0.000	0.000	386.001	0.000	15.000	15.481	15.481	0.000	0.000	0.000	
18.880	0.000	0.000	385.604	0.000	15.000	15.481	15.481	0.000	0.000	0.000	
18.900	0.000	0.000	384.813	0.000	15.000	15.481	15.481	0.000	0.000	0.000	
18.920	0.000	0.000	383.436	0.000	15.000	15.481	15.481	0.000	0.000	0.000	
18.940	0.000	0.000	382.848	0.000	15.000	15.481	15.481	0.000	0.000	0.000	
18.960	0.000	0.000	384.221	0.000	15.000	15.481	15.481	0.000	0.000	0.000	
18.980	0.000	0.000	382.848	0.000	15.000	15.481	15.481	0.000	0.000	0.000	
19.000	0.000	0.000	382.555	0.000	15.000	15.481	15.481	0.000	0.000	0.000	
19.020	0.000	0.000	381.194	0.000	15.000	15.481	15.481	0.000	0.000	0.000	
19.040	0.000	0.000	381.582	0.000	15.000	15.481	15.481	0.000	0.000	0.000	
19.060	0.000	0.000	381.485	0.000	15.000	15.481	15.481	0.000	0.000	0.000	
19.080	0.000	0.000	381.582	0.000	15.000	15.481	15.481	0.000	0.000	0.000	
19.100	0.000	0.000	378.024	0.000	15.000	15.481	15.481	0.000	0.000	0.000	
19.120	0.000	0.000	378.406	0.000	15.000	15.481	15.481	0.000	0.000	0.000	
19.140	0.000	0.000	377.453	0.000	15.000	15.481	15.481	0.000	0.000	0.000	
19.160	0.000	0.000	377.264	0.000	15.000	15.481	15.481	0.000	0.000	0.000	
19.180	0.000	0.000	376.695	0.000	15.000	15.481	15.481	0.000	0.000	0.000	
19.200	0.000	0.000	377.169	0.000	15.000	15.481	15.481	0.000	0.000	0.000	
19.220	0.000	0.000	376.317	0.000	15.000	15.481	15.481	0.000	0.000	0.000	
19.240	0.000	0.000	376.790	0.000	15.000	15.481	15.481	0.000	0.000	0.000	
19.260	0.000	0.000	374.906	0.000	15.000	15.481	15.481	0.000	0.000	0.000	
19.280	0.000	0.000	374.065	0.000	15.000	15.481	15.481	0.000	0.000	0.000	
19.300	0.000	0.000	374.158	0.000	15.000	15.481	15.481	0.000	0.000	0.000	
19.320	0.000	0.000	371.932	0.000	15.000	15.481	15.481	0.000	0.000	0.000	
19.340	0.000	0.000	371.012	0.000	15.000	15.481	15.481	0.000	0.000	0.000	
19.360	0.000	0.000	369.094	0.000	15.000	15.481	15.481	0.000	0.000	0.000	
19.380	0.000	0.000	369.822	0.000	15.000	15.481	15.481	0.000	0.000	0.000	
19.400	0.000	0.000	370.462	0.000	15.000	15.481	15.481	0.000	0.000	0.000	
19.420	0.000	0.000	371.471	0.000	15.000	15.481	15.481	0.000	0.000	0.000	
19.440	0.000	0.000	369.731	0.000	15.000	15.481	15.481	0.000	0.000	0.000	
19.460	0.000	0.000	369.914	0.000	15.000	15.481	15.481	0.000	0.000	0.000	
19.480	0.000	0.000	368.641	0.000	15.000	15.481	15.481	0.000	0.000	0.000	
19.500	0.000	0.000	369.731	0.000	15.000	15.481	15.481	0.000	0.000	0.000	
19.520	0.000	0.000	367.827	0.000	15.000	15.481	15.481	0.000	0.000	0.000	
19.540	0.000	0.000	369.640	0.000	15.000	15.481	15.481	0.000	0.000	0.000	
19.560	0.000	0.000	369.914	0.000	15.000	15.481	15.481	0.000	0.000	0.000	
19.580	0.000	0.000	367.737	0.000	15.000	15.481	15.481	0.000	0.000	0.000	
19.600	0.000	0.000	366.211	0.000	15.000	15.481	15.481	0.000	0.000	0.000	
19.620	0.000	0.000	364.964	0.000	15.000	15.481	15.481	0.000	0.000	0.000	
19.640	0.000	0.000	365.319	0.000	15.000	15.481	15.481	0.000	0.000	0.000	
19.660	0.000	0.000	363.813	0.000	15.000	15.481	15.481	0.000	0.000	0.000	
19.680	0.000	0.000	364.343	0.000	15.000	15.481	15.481	0.000	0.000	0.000	
19.700	0.000	0.000	366.122	0.000	15.000	15.481	15.481	0.000	0.000	0.000	
19.720	0.000	0.000	364.964	0.000	15.000	15.481	15.481	0.000	0.000	0.000	
19.740	0.000	0.000	363.196	0.000	15.000	15.481	15.481	0.000	0.000	0.000	
19.760	0.000	0.000	362.144	0.000	15.000	15.481	15.481	0.000	0.000	0.000	
19.780	0.000	0.000	362.582	0.000	15.000	15.481	15.481	0.000	0.000	0.000	
19.800	0.000	0.000	359.712	0.000	15.000	15.481	15.481	0.000	0.000	0.000	
19.820	0.000	0.000	359.109	0.000	15.000	15.481	15.481	0.000	0.000	0.000	
19.840	0.000	0.000	359.712	0.000	15.000	15.481	15.481	0.000	0.000	0.000	
19.860	0.000	0.000	360.144	0.000	15.000	15.481	15.481	0.000	0.000	0.000	
19.880	0.000	0.000	360.664	0.000	15.000	15.481	15.481	0.000	0.000	0.000	
19.900	0.000	0.000	362.669	0.000	15.000	15.481	15.481	0.000	0.000	0.000	
19.920	0.000	0.000	361.011	0.000	15.000	15.481	15.481	0.000	0.000	0.000	
19.940	0.000	0.000	359.540	0.000	15.000	15.481	15.481	0.000	0.000	0.000	
19.960	0.000	0.000	356.633	0.000	15.000	15.481	15.481	0.000	0.000	0.000	
19.980	0.000	0.000	358.766	0.000	15.000	15.481	15.481	0.000	0.000	0.000	
